14 0.3953125 0.796875 0.0625 0.1109375
9 0.209375 0.8015625 0.0578125 0.10546875
8 0.3484375 0.12421875 0.0515625 0.0859375
13 0.2453125 0.12578125 0.05 0.0765625
14 0.40078125 0.203125 0.05390625 0.09140625
10 0.2390625 0.2046875 0.05 0.08125
12 0.23359375 0.290625 0.053125 0.0890625
14 0.396875 0.378125 0.0578125 0.1015625
11 0.22734375 0.38125 0.053125 0.09296875
12 0.221875 0.47890625 0.05546875 0.10078125
14 0.40703125 0.05 0.05 0.0828125
9 0.25390625 0.053125 0.046875 0.06640625
10 0.2171875 0.58203125 0.0546875 0.10234375
14 0.3953125 0.5828125 0.06015625 0.1078125
8 0.3296875 0.68671875 0.0609375 0.10703125
13 0.2125 0.68984375 0.05625 0.10625