9 0.26796875 0.7859375 0.06015625 0.10859375
14 0.396875 0.79140625 0.06171875 0.11015625
8 0.3484375 0.125 0.0515625 0.08671875
13 0.24296875 0.1328125 0.05 0.08359375
14 0.40078125 0.20625 0.0546875 0.09140625
10 0.296875 0.21171875 0.053125 0.090625
12 0.34375 0.28125 0.05546875 0.096875
10 0.284375 0.375 0.05625 0.0984375
14 0.396875 0.37890625 0.05703125 0.10078125
12 0.340625 0.471875 0.05859375 0.10390625
14 0.40625 0.05 0.05078125 0.08203125
14 0.39609375 0.5828125 0.0609375 0.1078125
11 0.275 0.58671875 0.059375 0.10703125
9 0.303125 0.059375 0.04921875 0.08125
13 0.21015625 0.68203125 0.05625 0.10546875
8 0.3328125 0.6921875 0.0625 0.109375