9 0.26796875 0.7859375 0.059375 0.10625
14 0.396875 0.7921875 0.0625 0.11171875
8 0.3484375 0.1265625 0.0515625 0.0859375
13 0.24296875 0.1328125 0.05 0.08359375
14 0.4 0.20625 0.05390625 0.090625
10 0.29609375 0.21015625 0.05234375 0.090625
12 0.22890625 0.2921875 0.05234375 0.09296875
11 0.28671875 0.375 0.05625 0.09921875
14 0.396875 0.37890625 0.05703125 0.10078125
12 0.2203125 0.48203125 0.05546875 0.1
14 0.40625 0.05 0.05078125 0.08046875
14 0.396875 0.58359375 0.06015625 0.1078125
10 0.27734375 0.58359375 0.0578125 0.1046875
9 0.303125 0.059375 0.04921875 0.08125
13 0.2109375 0.678125 0.05625 0.1046875
8 0.3328125 0.6921875 0.0609375 0.10859375