14 0.396875 0.79140625 0.0625 0.1109375
9 0.2078125 0.79375 0.0578125 0.10546875
13 0.2421875 0.125 0.05 0.071875
8 0.3484375 0.12578125 0.0515625 0.08671875
10 0.2390625 0.20234375 0.05078125 0.0828125
14 0.4 0.20625 0.0546875 0.090625
12 0.23203125 0.2875 0.053125 0.08671875
11 0.2234375 0.37890625 0.05390625 0.09453125
14 0.396875 0.38046875 0.05625 0.10078125
12 0.21640625 0.47734375 0.0546875 0.1
14 0.40625 0.05 0.05078125 0.08203125
9 0.25078125 0.0546875 0.04765625 0.06640625
10 0.21484375 0.58046875 0.05625 0.103125
14 0.39609375 0.58359375 0.0609375 0.10859375
13 0.21015625 0.6859375 0.05703125 0.10625
8 0.3328125 0.69296875 0.06171875 0.109375