14 0.3984375 0.79609375 0.0625 0.11015625
9 0.215625 0.7984375 0.0578125 0.10625
8 0.35 0.12265625 0.0515625 0.0859375
13 0.24375 0.1265625 0.04921875 0.07265625
10 0.23828125 0.203125 0.05078125 0.078125
14 0.39921875 0.203125 0.05390625 0.0921875
12 0.23125 0.28671875 0.053125 0.0890625
14 0.39609375 0.37578125 0.0578125 0.10234375
11 0.225 0.378125 0.05390625 0.09375
12 0.2203125 0.4765625 0.05546875 0.10078125
14 0.40625 0.0484375 0.05 0.08125
9 0.2546875 0.05390625 0.0484375 0.0703125
14 0.3953125 0.58046875 0.059375 0.10859375
10 0.21875 0.58125 0.05546875 0.1015625
8 0.334375 0.68671875 0.0609375 0.109375
13 0.2171875 0.68828125 0.0578125 0.10546875