11 0.78984375 0.84140625 0.1 0.1
7 0.7109375 0.909375 0.10625 0.10625
7 0.73125 0.7671875 0.1 0.1
10 0.6671875 0.6921875 0.1015625 0.1015625
10 0.94921875 0.70859375 0.1015625 0.1046875
12 0.4984375 0.83203125 0.096875 0.0984375
12 0.96953125 0.42265625 0.0609375 0.0984375
9 0.54296875 0.54140625 0.1015625 0.103125
13 0.92421875 0.34375 0.1015625 0.1015625
13 0.603125 0.6140625 0.0984375 0.0984375
13 0.27734375 0.88828125 0.09375 0.09375
4 0.2984375 0.0890625 0.0984375 0.1
0 0.1296875 0.22734375 0.1109375 0.109375
0 0.28203125 0.23828125 0.1 0.1015625
3 0.35078125 0.31875 0.103125 0.103125
3 0.05 0.29453125 0.1 0.1046875
5 0.56640625 0.253125 0.1046875 0.1046875
5 0.4359375 0.7546875 0.103125 0.1046875
2 0.890625 0.62890625 0.1046875 0.1046875
2 0.4875 0.3234375 0.103125 0.1015625
1 0.09765625 0.525 0.103125 0.103125
6 0.3109375 0.60390625 0.109375 0.109375
6 0.72890625 0.11875 0.1109375 0.1109375
