11 0.52578125 0.9484375 0.0671875 0.078125
7 0.42109375 0.95625 0.0671875 0.0734375
7 0.51640625 0.85390625 0.0671875 0.0734375
10 0.5203125 0.759375 0.0640625 0.071875
10 0.734375 0.93515625 0.065625 0.0734375
12 0.30390625 0.7640625 0.075 0.071875
12 0.9359375 0.73125 0.075 0.0734375
9 0.50390625 0.559375 0.0734375 0.0734375
9 0.8515625 0.93046875 0.0703125 0.0765625
8 0.1875 0.5828125 0.0703125 0.0765625
8 0.79765625 0.234375 0.0703125 0.078125
13 0.93359375 0.63046875 0.0765625 0.0703125
13 0.50703125 0.646875 0.0734375 0.06875
13 0.2953125 0.6609375 0.08125 0.0765625
13 0.084375 0.67890625 0.0796875 0.078125
4 0.47421875 0.05390625 0.0796875 0.0796875
0 0.48515625 0.16015625 0.078125 0.075
0 0.36796875 0.0546875 0.078125 0.0828125
3 0.48828125 0.26328125 0.0828125 0.0796875
3 0.26171875 0.05859375 0.075 0.0828125
5 0.175 0.47109375 0.0703125 0.075
5 0.6921875 0.35 0.0828125 0.08125
2 0.61796875 0.84453125 0.075 0.075
2 0.57421875 0.0484375 0.0765625 0.0796875
1 0.16484375 0.271875 0.078125 0.08125
1 0.696875 0.2453125 0.084375 0.0859375
6 0.2859375 0.47109375 0.08125 0.078125
6 0.91015625 0.33046875 0.0859375 0.08125
