11 0.49765625 0.94921875 0.0640625 0.075
7 0.60234375 0.9515625 0.0640625 0.0703125
7 0.50234375 0.85390625 0.0640625 0.0703125
10 0.49296875 0.76015625 0.0609375 0.06875
10 0.2890625 0.946875 0.0625 0.0703125
12 0.709375 0.753125 0.071875 0.06875
12 0.0765625 0.75390625 0.071875 0.0703125
9 0.49921875 0.559375 0.0703125 0.0703125
9 0.17109375 0.9484375 0.0671875 0.0734375
8 0.81640625 0.56640625 0.0671875 0.0734375
8 0.1890625 0.25 0.0671875 0.075
13 0.07421875 0.653125 0.0734375 0.0671875
13 0.50078125 0.646875 0.0703125 0.065625
13 0.7125 0.65 0.078125 0.071875
13 0.92421875 0.65703125 0.0765625 0.075
4 0.50234375 0.053125 0.0765625 0.0765625
0 0.496875 0.16015625 0.075 0.071875
0 0.60859375 0.0484375 0.0734375 0.0796875
3 0.49921875 0.26328125 0.0796875 0.075
3 0.71484375 0.046875 0.0703125 0.0796875
5 0.82265625 0.45390625 0.0671875 0.071875
5 0.3 0.36015625 0.0796875 0.0765625
2 0.4 0.85 0.071875 0.071875
2 0.40234375 0.053125 0.071875 0.0765625
1 0.82265625 0.2546875 0.0734375 0.078125
1 0.28984375 0.25625 0.0796875 0.08125
6 0.7125 0.46015625 0.078125 0.0734375
6 0.08125 0.35234375 0.0828125 0.0765625
