11 0.20625 0.20859375 0.06875 0.0671875
7 0.38984375 0.52421875 0.0640625 0.0625
7 0.2421875 0.74296875 0.065625 0.0609375
10 0.56640625 0.56953125 0.0609375 0.0640625
10 0.74375 0.36015625 0.065625 0.0671875
12 0.64921875 0.6859375 0.0734375 0.071875
12 0.4109375 0.26015625 0.0671875 0.0625
9 0.45 0.60546875 0.0640625 0.0640625
9 0.85703125 0.53359375 0.0640625 0.0640625
8 0.60703125 0.41328125 0.0640625 0.065625
8 0.11796875 0.49296875 0.065625 0.0640625
13 0.3921875 0.15 0.065625 0.065625
13 0.66328125 0.1953125 0.0625 0.0640625
13 0.35546875 0.40703125 0.0671875 0.0625
13 0.42265625 0.715625 0.0671875 0.0625
13 0.246875 0.4953125 0.065625 0.065625
4 0.859375 0.38125 0.059375 0.0734375
0 0.32578125 0.66484375 0.0640625 0.071875
0 0.14296875 0.60234375 0.0671875 0.0578125
3 0.12578125 0.36875 0.06875 0.0671875
3 0.725 0.46796875 0.0640625 0.0578125
5 0.50390625 0.22578125 0.0578125 0.065625
5 0.53671875 0.315625 0.0578125 0.06875
2 0.4921875 0.46171875 0.0625 0.0640625
2 0.52578125 0.671875 0.059375 0.065625
1 0.79375 0.2546875 0.059375 0.065625
1 0.40859375 0.33828125 0.059375 0.0625
6 0.67578125 0.28984375 0.0578125 0.0609375
6 0.703125 0.59375 0.0609375 0.0640625
6 0.76640625 0.72890625 0.059375 0.071875
6 0.2515625 0.403125 0.059375 0.0609375
6 0.2734375 0.58984375 0.0640625 0.0625
