11 0.45859375 0.94609375 0.078125 0.084375
7 0.5578125 0.959375 0.078125 0.078125
7 0.35234375 0.93359375 0.0859375 0.084375
10 0.66484375 0.9625 0.0859375 0.075
10 0.24453125 0.925 0.0796875 0.0890625
12 0.13984375 0.9140625 0.08125 0.0796875
12 0.77421875 0.97109375 0.0796875 0.0578125
9 0.87890625 0.9765625 0.0734375 0.046875
9 0.03828125 0.90078125 0.0765625 0.0828125
8 0.15625 0.71484375 0.084375 0.0875
8 0.79140625 0.7796875 0.0859375 0.08125
13 0.06328125 0.60859375 0.0875 0.0859375
13 0.27109375 0.62265625 0.084375 0.0875
13 0.4859375 0.64765625 0.0890625 0.0796875
13 0.69765625 0.66953125 0.0796875 0.084375
13 0.909375 0.6921875 0.08125 0.0796875
4 0.546875 0.05625 0.0828125 0.0859375
0 0.44453125 0.04296875 0.0828125 0.084375
0 0.65703125 0.06640625 0.0796875 0.0859375
3 0.75859375 0.075 0.0859375 0.08125
3 0.33671875 0.0390625 0.0828125 0.078125
5 0.23046875 0.03359375 0.0859375 0.0671875
5 0.86796875 0.0828125 0.0875 0.0875
2 0.96484375 0.1 0.0703125 0.0875
2 0.12265625 0.02734375 0.0890625 0.0546875
1 0.2109375 0.22265625 0.08125 0.0859375
1 0.8453125 0.28984375 0.084375 0.0859375
6 0.09453125 0.31328125 0.0875 0.08125
6 0.30546875 0.33359375 0.0859375 0.0859375
6 0.5171875 0.353125 0.0890625 0.0875
6 0.73046875 0.38203125 0.0890625 0.0875
6 0.93828125 0.4 0.0875 0.0859375
