11 0.19609375 0.82890625 0.1046875 0.1046875
7 0.1203125 0.7640625 0.1 0.1
7 0.2765625 0.9 0.109375 0.109375
10 0.0484375 0.690625 0.096875 0.109375
10 0.35390625 0.96015625 0.1078125 0.0796875
8 0.5703125 0.89921875 0.1109375 0.1109375
8 0.09765625 0.47109375 0.1078125 0.10625
13 0.7109375 0.896875 0.1109375 0.1109375
13 0.56171875 0.75234375 0.1109375 0.1109375
13 0.39921875 0.609375 0.1078125 0.1078125
13 0.2421875 0.46640625 0.1046875 0.1046875
13 0.0828125 0.32421875 0.103125 0.103125
4 0.7984375 0.16875 0.1078125 0.1078125
0 0.8765625 0.2359375 0.10625 0.1078125
0 0.7171875 0.09296875 0.10625 0.10625
3 0.64296875 0.03828125 0.1078125 0.0765625
3 0.95 0.309375 0.1 0.109375
5 0.9890625 0.3828125 0.021875 0.109375
1 0.89921875 0.5296875 0.10625 0.1078125
1 0.42578125 0.103125 0.109375 0.109375
6 0.909375 0.6765625 0.1078125 0.1078125
6 0.75390625 0.5328125 0.1109375 0.1109375
6 0.59765625 0.3890625 0.1140625 0.1140625
6 0.43359375 0.24921875 0.1140625 0.1140625
6 0.28046875 0.10703125 0.1109375 0.1109375
