11 0.28984375 0.2625 0.08125 0.08125
7 0.46796875 0.228125 0.071875 0.071875
7 0.22890625 0.4015625 0.071875 0.071875
10 0.75234375 0.76015625 0.0734375 0.0734375
10 0.6046875 0.77265625 0.071875 0.0703125
12 0.4609375 0.68125 0.0765625 0.075
12 0.67578125 0.465625 0.075 0.0734375
9 0.49375 0.16171875 0.0671875 0.0703125
9 0.4375 0.48203125 0.071875 0.075
8 0.55390625 0.39609375 0.0703125 0.0703125
8 0.28203125 0.3390625 0.071875 0.0734375
13 0.759375 0.66015625 0.0796875 0.0796875
13 0.58984375 0.44140625 0.0640625 0.0640625
13 0.56640625 0.4953125 0.065625 0.0671875
13 0.34375 0.5921875 0.06875 0.0703125
13 0.2890625 0.42890625 0.06875 0.06875
4 0.42890625 0.63359375 0.071875 0.071875
0 0.3203125 0.50390625 0.0734375 0.0734375
0 0.4234375 0.2859375 0.075 0.0765625
3 0.67265625 0.6171875 0.075 0.075
3 0.5578125 0.253125 0.08125 0.08125
5 0.38046875 0.45625 0.075 0.0734375
5 0.61328125 0.5375 0.078125 0.078125
2 0.4796875 0.33046875 0.0765625 0.0765625
2 0.2296875 0.23046875 0.08125 0.08125
1 0.48046875 0.80625 0.0828125 0.0828125
1 0.578125 0.85859375 0.08125 0.0828125
6 0.3984375 0.18984375 0.0875 0.0890625
6 0.575 0.328125 0.0765625 0.075
6 0.72109375 0.55078125 0.0828125 0.0828125
6 0.4453125 0.57109375 0.0796875 0.0765625
6 0.5375 0.7015625 0.0828125 0.0828125
