11 0.24765625 0.84296875 0.0953125 0.0953125
7 0.17421875 0.7796875 0.0953125 0.0953125
7 0.29296875 0.7546875 0.0953125 0.0953125
10 0.3546875 0.6875 0.096875 0.096875
10 0.08203125 0.709375 0.09375 0.09375
12 0.509375 0.8140625 0.0984375 0.0984375
12 0.1859375 0.57265625 0.1 0.0984375
9 0.015625 0.63828125 0.03125 0.0953125
8 0.61015625 0.8875 0.103125 0.103125
8 0.1078125 0.496875 0.096875 0.0953125
13 0.08984375 0.36796875 0.1015625 0.1
13 0.25234375 0.4859375 0.1015625 0.1015625
13 0.4125 0.6171875 0.1015625 0.1
13 0.6328125 0.6578125 0.1078125 0.1078125
13 0.73984375 0.8625 0.103125 0.1046875
4 0.7671875 0.14765625 0.10625 0.1078125
0 0.8421875 0.209375 0.103125 0.1046875
0 0.6828125 0.0890625 0.1046875 0.103125
3 0.92734375 0.27109375 0.109375 0.109375
3 0.5921875 0.03984375 0.1125 0.0796875
5 0.8203125 0.4234375 0.1015625 0.1015625
5 0.4921875 0.1734375 0.103125 0.103125
2 0.28203125 0.259375 0.1046875 0.1046875
1 0.31875 0.04765625 0.109375 0.0953125
1 0.65078125 0.2921875 0.1015625 0.1015625
6 0.25859375 0.128125 0.109375 0.1078125
6 0.4171875 0.25546875 0.1078125 0.1078125
6 0.58515625 0.3765625 0.1046875 0.1046875
6 0.75078125 0.50234375 0.1078125 0.1078125
6 0.91875 0.628125 0.1078125 0.109375
