11 0.315625 0.88359375 0.090625 0.090625
7 0.40625 0.91953125 0.0890625 0.0921875
7 0.371875 0.80234375 0.090625 0.090625
10 0.403125 0.715625 0.0921875 0.0921875
10 0.51171875 0.9609375 0.0890625 0.078125
12 0.21796875 0.6390625 0.0921875 0.09375
12 0.58359375 0.8109375 0.0953125 0.09375
9 0.0390625 0.76953125 0.078125 0.0953125
9 0.61875 0.9875 0.090625 0.025
8 0.10625 0.584375 0.096875 0.096875
8 0.68671875 0.84453125 0.0921875 0.090625
13 0.809375 0.8 0.096875 0.0953125
13 0.628125 0.7125 0.096875 0.096875
13 0.4375 0.63203125 0.096875 0.0953125
13 0.2984375 0.45703125 0.1015625 0.1015625
13 0.0671875 0.45859375 0.096875 0.1
4 0.68515625 0.0984375 0.1 0.1046875
0 0.59609375 0.0609375 0.096875 0.1
0 0.77734375 0.14609375 0.0984375 0.0984375
3 0.50078125 0.0328125 0.1046875 0.065625
3 0.8765625 0.19453125 0.10625 0.1046875
5 0.4171875 0.18125 0.096875 0.096875
5 0.7921875 0.35390625 0.096875 0.0984375
2 0.81484375 0.5796875 0.1 0.1
1 0.96875 0.44375 0.0625 0.103125
1 0.6125 0.26875 0.096875 0.096875
6 0.94140625 0.53828125 0.1046875 0.1015625
6 0.7546875 0.45859375 0.103125 0.103125
6 0.56875 0.36640625 0.1 0.1
6 0.38046875 0.2796875 0.103125 0.103125
6 0.190625 0.18984375 0.1015625 0.1046875
