11 0.51640625 0.8875 0.05625 0.065625
7 0.41640625 0.88984375 0.05625 0.0671875
7 0.6015625 0.88671875 0.065625 0.0703125
10 0.70625 0.88203125 0.065625 0.071875
10 0.3265625 0.8875 0.065625 0.065625
12 0.32734375 0.72578125 0.0609375 0.065625
12 0.42109375 0.46796875 0.0609375 0.0640625
9 0.1359375 0.88203125 0.0625 0.065625
9 0.60859375 0.37734375 0.0578125 0.0625
8 0.225 0.71875 0.0671875 0.065625
8 0.51015625 0.81015625 0.065625 0.071875
13 0.14296875 0.6296875 0.0640625 0.0671875
13 0.865625 0.6421875 0.059375 0.065625
13 0.5171875 0.45703125 0.0640625 0.0609375
13 0.33125 0.36171875 0.0578125 0.0703125
4 0.5234375 0.115625 0.0609375 0.065625
0 0.52578125 0.20859375 0.065625 0.0671875
0 0.60703125 0.12109375 0.0671875 0.075
3 0.5296875 0.29375 0.065625 0.065625
3 0.69921875 0.12421875 0.065625 0.071875
5 0.7046875 0.3 0.0640625 0.0671875
5 0.43046875 0.1078125 0.0640625 0.071875
2 0.7890625 0.80859375 0.0625 0.06875
2 0.3265625 0.10078125 0.0625 0.0703125
1 0.23515625 0.290625 0.065625 0.071875
1 0.7015625 0.19375 0.0609375 0.0671875
6 0.14453125 0.36953125 0.0671875 0.071875
6 0.5171875 0.37578125 0.0640625 0.065625
6 0.69375 0.640625 0.0609375 0.065625
6 0.8796875 0.38046875 0.0640625 0.0625
