11 0.2234375 0.771875 0.0859375 0.0859375
7 0.2953125 0.8421875 0.0875 0.0875
7 0.16171875 0.71328125 0.0953125 0.096875
10 0.08828125 0.6390625 0.096875 0.096875
10 0.3625 0.9015625 0.0921875 0.0921875
12 0.47265625 0.7828125 0.0890625 0.0890625
12 0.5796875 0.53046875 0.0875 0.0890625
9 0.5046875 0.990625 0.090625 0.01875
9 0.50390625 0.3359375 0.084375 0.084375
8 0.5515625 0.84765625 0.09375 0.09375
8 0.28125 0.71953125 0.096875 0.096875
13 0.67265625 0.83828125 0.0921875 0.0921875
13 0.1359375 0.3546875 0.0875 0.0890625
13 0.51640625 0.45703125 0.0890625 0.0875
13 0.71796875 0.5140625 0.090625 0.090625
4 0.7453125 0.203125 0.0890625 0.0890625
0 0.6796875 0.26953125 0.09375 0.09375
0 0.68046875 0.15 0.1 0.1
3 0.61875 0.32890625 0.0921875 0.0921875
3 0.6109375 0.0890625 0.096875 0.096875
5 0.48671875 0.2140625 0.0921875 0.0921875
5 0.81796875 0.2609375 0.0953125 0.096875
2 0.078125 0.52890625 0.0921875 0.0921875
2 0.89921875 0.3265625 0.09375 0.09375
1 0.83671875 0.52734375 0.096875 0.096875
1 0.56171875 0.13828125 0.090625 0.090625
6 0.84921875 0.646875 0.0984375 0.0984375
6 0.571875 0.39765625 0.0921875 0.0921875
6 0.2625 0.47109375 0.0890625 0.0890625
6 0.30390625 0.15390625 0.0890625 0.0890625
