11 0.50546875 0.9234375 0.0609375 0.0703125
7 0.40703125 0.921875 0.0671875 0.0671875
7 0.4921875 0.83046875 0.065625 0.0671875
10 0.4984375 0.73828125 0.06875 0.0671875
10 0.29375 0.91796875 0.06875 0.06875
12 0.2890625 0.73046875 0.0640625 0.0703125
12 0.596875 0.53671875 0.065625 0.0703125
9 0.81875 0.5421875 0.0734375 0.0734375
8 0.91796875 0.74140625 0.065625 0.0703125
8 0.08828125 0.73203125 0.06875 0.0703125
13 0.08515625 0.63125 0.06875 0.071875
13 0.2859375 0.62734375 0.0734375 0.0703125
13 0.5046875 0.64609375 0.075 0.075
13 0.71484375 0.44453125 0.075 0.078125
13 0.91328125 0.64375 0.06875 0.0828125
4 0.503125 0.0609375 0.08125 0.08125
0 0.40390625 0.0578125 0.0734375 0.0796875
0 0.6046875 0.05859375 0.06875 0.0796875
3 0.28671875 0.06171875 0.071875 0.0796875
3 0.70625 0.06015625 0.071875 0.0734375
5 0.29765625 0.246875 0.0703125 0.0671875
5 0.71015625 0.24375 0.071875 0.0796875
2 0.5953125 0.43671875 0.06875 0.0734375
1 0.29453125 0.1453125 0.0734375 0.0765625
1 0.08046875 0.23828125 0.078125 0.0765625
6 0.07734375 0.34765625 0.071875 0.075
6 0.28671875 0.35390625 0.065625 0.075
6 0.496875 0.346875 0.071875 0.0765625
6 0.70859375 0.3453125 0.08125 0.0765625
6 0.909375 0.34765625 0.0765625 0.0859375
