11 0.6359375 0.2625 0.0546875 0.05625
7 0.4375 0.86875 0.0640625 0.059375
7 0.3515625 0.75703125 0.0609375 0.05625
10 0.7296875 0.3359375 0.0625 0.0640625
10 0.51484375 0.3578125 0.0578125 0.0578125
12 0.33828125 0.52578125 0.065625 0.0671875
12 0.24609375 0.20703125 0.06875 0.0671875
9 0.17890625 0.475 0.065625 0.059375
9 0.35 0.6390625 0.0671875 0.0609375
8 0.61015625 0.59921875 0.0640625 0.065625
8 0.29375 0.87578125 0.065625 0.065625
13 0.70546875 0.8140625 0.059375 0.065625
13 0.7953125 0.7046875 0.0640625 0.0671875
13 0.6546875 0.4140625 0.059375 0.0625
13 0.5578125 0.10390625 0.0578125 0.059375
13 0.35859375 0.1265625 0.0640625 0.0671875
4 0.44375 0.24140625 0.0640625 0.065625
0 0.5078125 0.46171875 0.0578125 0.0578125
0 0.55859375 0.88046875 0.0640625 0.065625
3 0.4734375 0.14140625 0.059375 0.065625
3 0.2640625 0.428125 0.0671875 0.065625
5 0.44921875 0.67734375 0.059375 0.0625
5 0.59609375 0.515625 0.06875 0.0640625
2 0.69140625 0.6625 0.0671875 0.065625
2 0.38359375 0.40234375 0.0640625 0.0578125
1 0.4515625 0.5578125 0.0640625 0.059375
1 0.56796875 0.775 0.0671875 0.065625
6 0.28203125 0.3015625 0.0671875 0.065625
6 0.24921875 0.5921875 0.0671875 0.0640625
6 0.728125 0.50390625 0.065625 0.065625
6 0.5875 0.3515625 0.05625 0.05625
6 0.60859375 0.1625 0.059375 0.0578125
