11 0.76875 0.4515625 0.06875 0.06875
7 0.17734375 0.6890625 0.0765625 0.0765625
7 0.2078125 0.5515625 0.0734375 0.071875
10 0.77265625 0.5703125 0.078125 0.078125
10 0.61875 0.41953125 0.0703125 0.0703125
12 0.3765625 0.3921875 0.0828125 0.0828125
12 0.5609375 0.1171875 0.084375 0.084375
9 0.3125 0.2375 0.078125 0.0765625
9 0.296875 0.47421875 0.078125 0.078125
8 0.49453125 0.64765625 0.0796875 0.08125
8 0.0796875 0.58359375 0.08125 0.08125
13 0.39140625 0.859375 0.0765625 0.078125
13 0.5328125 0.8578125 0.0796875 0.08125
13 0.665625 0.56328125 0.075 0.075
13 0.840625 0.28984375 0.071875 0.071875
13 0.6953125 0.1515625 0.0796875 0.08125
4 0.66171875 0.290625 0.0796875 0.08125
0 0.534375 0.48125 0.0703125 0.0703125
0 0.24609375 0.78984375 0.0796875 0.08125
3 0.7578125 0.24921875 0.0765625 0.078125
3 0.403125 0.2734375 0.08125 0.08125
5 0.33125 0.575 0.075 0.075
5 0.54921875 0.58359375 0.08125 0.08125
2 0.4984375 0.75078125 0.0828125 0.0828125
2 0.5 0.34765625 0.075 0.075
1 0.425 0.5 0.0765625 0.0765625
1 0.33359375 0.72890625 0.0828125 0.0828125
6 0.51171875 0.20546875 0.08125 0.08125
6 0.26875 0.3671875 0.08125 0.0796875
6 0.64375 0.67734375 0.08125 0.08125
6 0.66953125 0.471875 0.06875 0.06875
6 0.828125 0.36640625 0.071875 0.071875
