11 0.4921875 0.83203125 0.059375 0.0625
7 0.5859375 0.828125 0.0546875 0.0625
7 0.49609375 0.75 0.0671875 0.065625
10 0.49765625 0.6703125 0.0734375 0.06875
12 0.7671875 0.50390625 0.0609375 0.0671875
9 0.31796875 0.15 0.0609375 0.065625
8 0.48828125 0.496875 0.071875 0.065625
8 0.22109375 0.06171875 0.0671875 0.065625
13 0.125 0.490625 0.0640625 0.0671875
13 0.490625 0.578125 0.0640625 0.06875
13 0.6796875 0.4984375 0.065625 0.065625
13 0.86171875 0.57578125 0.0671875 0.0640625
4 0.50078125 0.06953125 0.0703125 0.0703125
0 0.41171875 0.065625 0.059375 0.065625
0 0.5 0.14375 0.065625 0.065625
3 0.48671875 0.23125 0.059375 0.0703125
3 0.31640625 0.06484375 0.0609375 0.0640625
5 0.85625 0.2328125 0.065625 0.0640625
2 0.503125 0.40546875 0.065625 0.065625
1 0.22265625 0.48828125 0.0640625 0.06875
1 0.58125 0.23046875 0.0640625 0.06875
6 0.31953125 0.40703125 0.0640625 0.065625
6 0.68046875 0.3234375 0.0640625 0.065625
6 0.86328125 0.3296875 0.0671875 0.065625
