11 0.67734375 0.78046875 0.0828125 0.084375
7 0.5953125 0.82578125 0.0796875 0.08125
7 0.63203125 0.7125 0.090625 0.090625
10 0.58984375 0.64453125 0.0984375 0.096875
12 0.27265625 0.640625 0.0875 0.0890625
9 0.47578125 0.10625 0.0859375 0.0875
8 0.50859375 0.49140625 0.0953125 0.09375
8 0.5125 0.0125 0.090625 0.025
13 0.81640625 0.2984375 0.0890625 0.090625
13 0.5484375 0.5625 0.090625 0.0921875
13 0.3453125 0.59140625 0.090625 0.090625
13 0.22890625 0.7515625 0.090625 0.0890625
4 0.27734375 0.13125 0.096875 0.096875
0 0.3515625 0.08203125 0.084375 0.0875
0 0.31640625 0.19453125 0.090625 0.090625
3 0.37265625 0.2625 0.0875 0.090625
3 0.43359375 0.0375 0.0859375 0.075
5 0.05703125 0.4546875 0.0890625 0.0890625
2 0.4484375 0.4203125 0.090625 0.090625
1 0.73203125 0.346875 0.090625 0.0921875
1 0.29140625 0.3109375 0.090625 0.0921875
6 0.60703125 0.32734375 0.0890625 0.0890625
6 0.2546875 0.44140625 0.0890625 0.0890625
6 0.10078125 0.54140625 0.090625 0.090625
