11 0.4984375 0.89296875 0.071875 0.0671875
7 0.60234375 0.8984375 0.0609375 0.065625
7 0.41171875 0.8921875 0.065625 0.0625
10 0.6921875 0.8953125 0.0578125 0.065625
10 0.29921875 0.88828125 0.059375 0.0640625
12 0.69765625 0.72578125 0.065625 0.065625
9 0.1953125 0.903125 0.0703125 0.0671875
9 0.20234375 0.44296875 0.06875 0.0625
8 0.2078125 0.3453125 0.0625 0.0640625
8 0.50234375 0.7203125 0.0640625 0.0625
13 0.11328125 0.6359375 0.0671875 0.06875
13 0.50625 0.63203125 0.059375 0.0625
13 0.71171875 0.62421875 0.0734375 0.071875
13 0.8875 0.63203125 0.06875 0.071875
4 0.49765625 0.075 0.0640625 0.071875
0 0.41015625 0.08359375 0.071875 0.06875
0 0.59609375 0.0765625 0.075 0.071875
3 0.296875 0.075 0.0671875 0.06875
3 0.69609375 0.078125 0.071875 0.075
5 0.7984375 0.07734375 0.0671875 0.0734375
5 0.11328125 0.25078125 0.0703125 0.0703125
2 0.196875 0.06796875 0.0671875 0.0703125
2 0.39453125 0.35 0.0609375 0.071875
1 0.5015625 0.2515625 0.065625 0.071875
6 0.1296875 0.34609375 0.0671875 0.06875
6 0.31484375 0.53671875 0.0640625 0.0765625
6 0.70625 0.44296875 0.065625 0.071875
6 0.8890625 0.35625 0.065625 0.075
