11 0.32265625 0.85078125 0.0953125 0.0921875
7 0.228125 0.80859375 0.084375 0.0859375
7 0.40078125 0.88984375 0.0875 0.0859375
10 0.14921875 0.76484375 0.08125 0.084375
10 0.50234375 0.9375 0.08125 0.084375
12 0.22109375 0.61171875 0.0875 0.0875
9 0.5875 0.97578125 0.09375 0.0484375
9 0.79140625 0.584375 0.0890625 0.0875
8 0.83046875 0.49453125 0.084375 0.0859375
8 0.39765625 0.6953125 0.0859375 0.084375
13 0.7828125 0.796875 0.090625 0.0921875
13 0.434375 0.61484375 0.08125 0.0828125
13 0.2546875 0.51484375 0.0984375 0.096875
13 0.09453125 0.44140625 0.09375 0.0953125
4 0.6953125 0.12265625 0.0890625 0.09375
0 0.76875 0.16953125 0.0953125 0.09375
0 0.60625 0.07890625 0.1 0.0984375
3 0.87421875 0.21328125 0.090625 0.0921875
3 0.51640625 0.0421875 0.0984375 0.084375
5 0.425 0.01796875 0.09375 0.0359375
5 0.9546875 0.45234375 0.090625 0.0953125
2 0.96015625 0.2515625 0.0796875 0.09375
2 0.66171875 0.4140625 0.0875 0.0921875
1 0.61171875 0.278125 0.090625 0.09375
6 0.9 0.53125 0.090625 0.0921875
6 0.6484375 0.61640625 0.0921875 0.096875
6 0.3421875 0.35546875 0.090625 0.09375
6 0.21875 0.1953125 0.0921875 0.096875
