11 0.75390625 0.8 0.0984375 0.0984375
7 0.67734375 0.87109375 0.0890625 0.0890625
7 0.81953125 0.74375 0.090625 0.090625
10 0.60703125 0.9265625 0.0859375 0.0875
10 0.903125 0.66875 0.0859375 0.0875
12 0.49375 0.8 0.0921875 0.0921875
9 0.971875 0.6125 0.05625 0.096875
9 0.69140625 0.26484375 0.0921875 0.0921875
8 0.62421875 0.19375 0.0890625 0.0890625
8 0.63984375 0.6703125 0.0890625 0.0890625
13 0.88359375 0.35546875 0.0953125 0.0953125
13 0.58046875 0.60546875 0.0859375 0.0859375
13 0.41796875 0.73125 0.103125 0.1015625
13 0.28828125 0.85 0.0984375 0.1
4 0.22890625 0.17265625 0.0953125 0.096875
0 0.30078125 0.1234375 0.1 0.0984375
0 0.15390625 0.2375 0.103125 0.103125
3 0.38203125 0.0453125 0.0953125 0.090625
3 0.07890625 0.303125 0.103125 0.103125
5 0.02421875 0.3671875 0.0484375 0.1
5 0.6359375 0.06015625 0.0984375 0.0984375
2 0.4546875 0.0109375 0.096875 0.021875
2 0.484375 0.3171875 0.0921875 0.09375
1 0.3390625 0.3109375 0.096875 0.096875
6 0.684375 0.14375 0.0953125 0.0953125
6 0.665625 0.409375 0.0984375 0.1
6 0.30546875 0.5890625 0.096875 0.096875
6 0.109375 0.63984375 0.0984375 0.1
