11 0.65078125 0.796875 0.08125 0.08125
7 0.73828125 0.7609375 0.0859375 0.0859375
7 0.4890625 0.70234375 0.0875 0.0859375
10 0.81171875 0.72578125 0.0859375 0.0875
10 0.5765625 0.65703125 0.0859375 0.0875
12 0.5765625 0.465625 0.0828125 0.0828125
12 0.425 0.55859375 0.0859375 0.084375
9 0.78046875 0.4625 0.084375 0.0875
8 0.53203125 0.78203125 0.08125 0.0859375
8 0.5703125 0.85078125 0.0828125 0.0828125
13 0.8703125 0.42421875 0.0921875 0.090625
13 0.6640625 0.425 0.075 0.08125
13 0.50234375 0.50625 0.084375 0.0875
13 0.21640625 0.74765625 0.084375 0.0828125
4 0.30625 0.13203125 0.0828125 0.084375
0 0.3875 0.0859375 0.0890625 0.09375
0 0.33359375 0.19609375 0.090625 0.09375
3 0.471875 0.04921875 0.0890625 0.0890625
3 0.37890625 0.26875 0.090625 0.0921875
5 0.715625 0.10859375 0.0875 0.0875
2 0.1875 0.47578125 0.09375 0.0953125
1 0.29140625 0.51015625 0.0890625 0.0875
1 0.375 0.4671875 0.0875 0.0875
5 0.4453125 0.81640625 0.0875 0.0890625
6 0.10234375 0.50234375 0.0921875 0.090625
6 0.42421875 0.34296875 0.0921875 0.0890625
6 0.590625 0.26640625 0.090625 0.090625
6 0.7921875 0.26484375 0.1 0.0953125
