11 0.5 0.8328125 0.059375 0.0609375
7 0.59375 0.840625 0.0640625 0.0640625
7 0.3984375 0.675 0.065625 0.0625
10 0.675 0.84296875 0.0625 0.065625
10 0.496875 0.67421875 0.0625 0.0671875
12 0.58359375 0.50390625 0.0625 0.0609375
12 0.40625 0.51796875 0.0640625 0.0625
9 0.7671875 0.59375 0.0609375 0.0671875
8 0.40078125 0.765625 0.0578125 0.0671875
8 0.403125 0.84453125 0.0609375 0.0625
13 0.8640625 0.60078125 0.06875 0.0671875
13 0.68046875 0.5078125 0.05 0.065625
13 0.49921875 0.50703125 0.0609375 0.0671875
13 0.13515625 0.5921875 0.0640625 0.0609375
4 0.49453125 0.084375 0.0609375 0.0640625
0 0.5875 0.0796875 0.0640625 0.071875
0 0.48984375 0.15390625 0.065625 0.071875
3 0.6796875 0.0859375 0.065625 0.0671875
3 0.496875 0.2390625 0.065625 0.0703125
5 0.86953125 0.24921875 0.065625 0.0640625
2 0.23203125 0.33671875 0.06875 0.071875
1 0.309375 0.4140625 0.0671875 0.0640625
1 0.40390625 0.4140625 0.065625 0.0640625
5 0.3078125 0.75703125 0.0640625 0.0671875
6 0.14453125 0.321875 0.0703125 0.065625
6 0.50390625 0.32578125 0.0703125 0.0640625
6 0.68671875 0.3328125 0.0671875 0.0671875
6 0.8671875 0.4234375 0.0765625 0.06875
