11 0.359375 0.8015625 0.0796875 0.0796875
7 0.27109375 0.76875 0.084375 0.084375
7 0.51796875 0.7015625 0.0859375 0.084375
10 0.19609375 0.73671875 0.084375 0.0859375
10 0.42890625 0.659375 0.084375 0.0875
12 0.42265625 0.46796875 0.0828125 0.08125
12 0.57734375 0.55625 0.084375 0.084375
9 0.21796875 0.471875 0.084375 0.0859375
8 0.47734375 0.7828125 0.08125 0.0859375
8 0.4421875 0.853125 0.08125 0.0828125
13 0.12734375 0.4375 0.090625 0.090625
13 0.3328125 0.43046875 0.0734375 0.08125
13 0.49765625 0.50703125 0.084375 0.0859375
13 0.79140625 0.7375 0.084375 0.0828125
4 0.68046875 0.12578125 0.0828125 0.084375
0 0.5984375 0.08203125 0.0890625 0.0921875
0 0.65546875 0.190625 0.090625 0.0921875
3 0.5125 0.0484375 0.0875 0.0890625
3 0.61328125 0.26484375 0.0890625 0.0921875
5 0.27109375 0.11640625 0.0859375 0.0859375
2 0.81171875 0.465625 0.0921875 0.09375
1 0.709375 0.50234375 0.0875 0.0859375
1 0.6234375 0.4625 0.0859375 0.0859375
5 0.565625 0.8140625 0.0859375 0.0875
6 0.89765625 0.4890625 0.0921875 0.0890625
6 0.5703125 0.340625 0.090625 0.0875
6 0.4015625 0.26953125 0.0890625 0.0890625
6 0.19921875 0.27578125 0.0984375 0.0953125
