11 0.6546875 0.68046875 0.2734375 0.278125
7 0.79296875 0.4078125 0.2296875 0.209375
10 0.18359375 0.81796875 0.246875 0.2453125
12 0.41875 0.75703125 0.2671875 0.2625
12 0.58046875 0.47421875 0.2234375 0.209375
7 0.46171875 0.1625 0.1921875 0.1734375
10 0.11015625 0.26796875 0.1875 0.1625
9 0.7171875 0.24765625 0.2125 0.190625
9 0.14296875 0.41953125 0.203125 0.178125
8 0.16171875 0.59921875 0.234375 0.2109375
8 0.28828125 0.2203125 0.1921875 0.1859375
13 0.63828125 0.10859375 0.1890625 0.171875
13 0.52421875 0.30390625 0.184375 0.165625
13 0.33828125 0.37734375 0.20625 0.1890625
13 0.378125 0.54609375 0.2296875 0.2109375
13 0.8796875 0.6 0.240625 0.253125
