11 0.59921875 0.1375 0.2234375 0.2359375
7 0.62109375 0.37578125 0.221875 0.228125
7 0.6078125 0.60625 0.2359375 0.21875
10 0.36796875 0.60625 0.221875 0.21875
10 0.14140625 0.35859375 0.234375 0.2203125
12 0.12421875 0.86171875 0.20625 0.2203125
12 0.37890625 0.3703125 0.21875 0.2203125
9 0.8515625 0.8671875 0.228125 0.2296875
9 0.3609375 0.1390625 0.203125 0.225
8 0.84453125 0.6125 0.2125 0.23125
8 0.60390625 0.85390625 0.2234375 0.2234375
13 0.36171875 0.85078125 0.2203125 0.2265625
13 0.134375 0.596875 0.215625 0.2265625
13 0.86015625 0.359375 0.2078125 0.21875
13 0.8671875 0.1265625 0.2296875 0.2234375
13 0.1265625 0.12421875 0.2140625 0.21875
