11 0.50078125 0.834375 0.0546875 0.0640625
7 0.49375 0.75625 0.065625 0.06875
7 0.59375 0.8421875 0.0578125 0.0640625
10 0.675 0.84296875 0.0625 0.065625
10 0.3046875 0.8359375 0.046875 0.0609375
12 0.68203125 0.6859375 0.0546875 0.059375
12 0.40546875 0.50625 0.059375 0.059375
9 0.77265625 0.853125 0.05625 0.059375
9 0.125 0.85625 0.0578125 0.065625
8 0.40703125 0.675 0.0515625 0.0625
8 0.4953125 0.67421875 0.0515625 0.0578125
13 0.134375 0.58984375 0.059375 0.065625
13 0.30546875 0.50546875 0.05625 0.0578125
13 0.48203125 0.59375 0.0515625 0.0671875
13 0.67734375 0.5953125 0.05 0.0640625
13 0.8640625 0.6 0.059375 0.0625
4 0.49375 0.08359375 0.06875 0.065625
0 0.49453125 0.1609375 0.0578125 0.0578125
0 0.5859375 0.0796875 0.0671875 0.071875
3 0.5 0.2421875 0.065625 0.065625
3 0.68046875 0.0890625 0.0640625 0.0734375
5 0.8703125 0.25 0.0671875 0.071875
5 0.3984375 0.15546875 0.065625 0.0625
2 0.2171875 0.0703125 0.078125 0.06875
2 0.22109375 0.16015625 0.0640625 0.065625
1 0.31484375 0.2390625 0.0609375 0.0640625
1 0.77109375 0.2484375 0.065625 0.065625
6 0.15234375 0.32421875 0.071875 0.0671875
6 0.31328125 0.32578125 0.0640625 0.0671875
6 0.50625 0.328125 0.065625 0.065625
6 0.6859375 0.33359375 0.06875 0.065625
6 0.86953125 0.42265625 0.065625 0.0671875
