11 0.3125 0.7765625 0.08125 0.084375
7 0.36171875 0.715625 0.0921875 0.09375
7 0.23125 0.73125 0.084375 0.0859375
10 0.16328125 0.68671875 0.0890625 0.0890625
10 0.47421875 0.8875 0.0734375 0.0765625
12 0.2453125 0.55234375 0.078125 0.0796875
12 0.575 0.5578125 0.0828125 0.0828125
9 0.0765625 0.640625 0.0796875 0.08125
9 0.6109375 0.98046875 0.084375 0.0390625
8 0.47890625 0.696875 0.078125 0.08125
8 0.40625 0.646875 0.075 0.0765625
13 0.753125 0.77890625 0.0859375 0.0875
13 0.65859375 0.61328125 0.0796875 0.0796875
13 0.4625 0.5875 0.0796875 0.084375
13 0.3 0.4796875 0.0765625 0.08125
13 0.1421875 0.3796875 0.084375 0.084375
4 0.73828125 0.15859375 0.09375 0.0921875
0 0.69375 0.221875 0.0796875 0.0796875
0 0.6640625 0.103125 0.0953125 0.096875
3 0.64453125 0.2859375 0.090625 0.090625
3 0.58046875 0.05859375 0.09375 0.096875
5 0.3328125 0.0859375 0.0953125 0.096875
5 0.7765625 0.27109375 0.0890625 0.0890625
2 0.96171875 0.3015625 0.0765625 0.1
2 0.92109375 0.37421875 0.0890625 0.090625
1 0.79921875 0.3875 0.0859375 0.0875
1 0.415625 0.13984375 0.090625 0.090625
6 0.88671875 0.5484375 0.096875 0.0953125
6 0.75234375 0.46015625 0.090625 0.0921875
6 0.590625 0.35390625 0.090625 0.090625
6 0.4390625 0.2578125 0.09375 0.0921875
6 0.23671875 0.22890625 0.0921875 0.0921875
