11 0.67265625 0.7859375 0.0796875 0.0828125
7 0.6265625 0.72265625 0.0921875 0.0921875
7 0.75625 0.7453125 0.0828125 0.084375
10 0.8265625 0.70390625 0.0875 0.0890625
10 0.50546875 0.88828125 0.071875 0.0765625
12 0.7515625 0.565625 0.078125 0.0796875
12 0.421875 0.55390625 0.08125 0.08125
9 0.915625 0.6625 0.078125 0.0796875
9 0.36171875 0.97734375 0.0828125 0.0453125
8 0.51015625 0.69765625 0.0765625 0.0796875
8 0.5859375 0.6515625 0.0734375 0.0765625
13 0.2328125 0.765625 0.084375 0.0875
13 0.3359375 0.6046875 0.078125 0.078125
13 0.5328125 0.58984375 0.078125 0.084375
13 0.70078125 0.490625 0.0765625 0.08125
13 0.86328125 0.3984375 0.0828125 0.084375
4 0.28046875 0.14609375 0.0921875 0.0921875
0 0.3203125 0.2125 0.0796875 0.0796875
0 0.35703125 0.0953125 0.0953125 0.096875
3 0.3671875 0.27890625 0.090625 0.090625
3 0.44296875 0.0546875 0.0921875 0.0953125
5 0.68828125 0.0953125 0.0953125 0.096875
5 0.23515625 0.25703125 0.0890625 0.0875
2 0.04375 0.27734375 0.0875 0.0984375
2 0.0859375 0.35234375 0.0890625 0.0890625
1 0.20703125 0.371875 0.0859375 0.0859375
1 0.603125 0.14453125 0.090625 0.090625
6 0.11171875 0.528125 0.096875 0.0953125
6 0.25 0.446875 0.0890625 0.090625
6 0.4171875 0.34921875 0.090625 0.090625
6 0.5734375 0.26171875 0.0921875 0.0921875
6 0.7765625 0.24375 0.090625 0.090625
