11 0.48828125 0.83359375 0.0609375 0.0671875
7 0.584375 0.84921875 0.065625 0.0640625
7 0.39375 0.83828125 0.065625 0.0703125
10 0.3125 0.8359375 0.059375 0.06875
10 0.68203125 0.8421875 0.06875 0.06875
12 0.3125 0.68046875 0.0609375 0.06875
12 0.68046875 0.68671875 0.065625 0.06875
9 0.209375 0.840625 0.059375 0.06875
9 0.8640625 0.871875 0.065625 0.06875
8 0.86328125 0.68671875 0.0671875 0.06875
8 0.5 0.6734375 0.0609375 0.0609375
13 0.8609375 0.6015625 0.0640625 0.06875
13 0.69375 0.51171875 0.05625 0.0640625
13 0.51484375 0.5921875 0.065625 0.0703125
13 0.3203125 0.5875 0.0609375 0.06875
13 0.134375 0.58515625 0.06875 0.0734375
4 0.5203125 0.08515625 0.0703125 0.071875
0 0.6140625 0.078125 0.0765625 0.0734375
0 0.42734375 0.075 0.0703125 0.0765625
3 0.33515625 0.08046875 0.075 0.075
3 0.5125 0.23984375 0.06875 0.0765625
5 0.1453125 0.228125 0.0640625 0.06875
5 0.6125 0.159375 0.0671875 0.0703125
2 0.79140625 0.16953125 0.06875 0.071875
2 0.88359375 0.0921875 0.06875 0.06875
1 0.69453125 0.24765625 0.0671875 0.06875
1 0.2390625 0.2359375 0.0703125 0.0734375
6 0.85703125 0.33828125 0.065625 0.06875
6 0.69609375 0.3328125 0.0703125 0.0703125
6 0.50078125 0.3265625 0.0625 0.0671875
6 0.31953125 0.325 0.0703125 0.071875
6 0.146875 0.315625 0.075 0.071875
