11 0.69453125 0.83984375 0.0859375 0.0875
7 0.78828125 0.7953125 0.0875 0.0875
7 0.615625 0.88359375 0.09375 0.09375
10 0.86171875 0.74375 0.0859375 0.090625
10 0.52109375 0.93515625 0.0875 0.0875
12 0.78203125 0.5953125 0.0890625 0.0859375
12 0.43515625 0.7859375 0.0875 0.090625
8 0.3546875 0.83359375 0.0859375 0.0875
8 0.6109375 0.6875 0.0796875 0.0828125
13 0.234375 0.81328125 0.090625 0.090625
13 0.35 0.62890625 0.0921875 0.09375
13 0.56875 0.61015625 0.090625 0.0890625
13 0.74453125 0.503125 0.0828125 0.0859375
13 0.90234375 0.4234375 0.0921875 0.0953125
4 0.284375 0.1375 0.090625 0.09375
0 0.37109375 0.090625 0.103125 0.103125
0 0.2140625 0.18515625 0.096875 0.0953125
3 0.4578125 0.04375 0.096875 0.0875
3 0.1140625 0.23203125 0.103125 0.103125
5 0.54453125 0.01796875 0.0953125 0.0359375
5 0.04609375 0.4796875 0.0921875 0.103125
1 0.37421875 0.2875 0.1015625 0.1
1 0.20234375 0.375 0.0953125 0.0953125
6 0.10546875 0.5546875 0.1 0.096875
6 0.25390625 0.4671875 0.096875 0.1
6 0.428125 0.3765625 0.096875 0.0984375
6 0.596875 0.271875 0.0921875 0.0953125
6 0.76015625 0.178125 0.09375 0.096875
