11 0.49375 0.83125 0.0515625 0.0609375
7 0.41171875 0.8328125 0.065625 0.0640625
7 0.5828125 0.828125 0.0640625 0.06875
10 0.68515625 0.83203125 0.0546875 0.0625
12 0.67734375 0.66875 0.0609375 0.0703125
9 0.87421875 0.8375 0.065625 0.0671875
9 0.1265625 0.22421875 0.0609375 0.06875
8 0.2203125 0.1484375 0.0625 0.06875
12 0.31328125 0.2421875 0.0640625 0.065625
8 0.490625 0.66015625 0.0609375 0.059375
13 0.1265625 0.49296875 0.0671875 0.0703125
13 0.4890625 0.578125 0.0640625 0.06875
13 0.6859375 0.57734375 0.065625 0.0703125
13 0.859375 0.578125 0.06875 0.071875
4 0.49921875 0.06875 0.0703125 0.071875
0 0.41015625 0.06484375 0.0625 0.0671875
0 0.49921875 0.1453125 0.0640625 0.06875
3 0.48515625 0.23203125 0.0625 0.06875
3 0.31484375 0.06484375 0.0671875 0.0671875
5 0.784375 0.0734375 0.065625 0.075
2 0.31796875 0.57890625 0.0609375 0.0640625
2 0.86171875 0.06796875 0.0671875 0.0703125
1 0.76640625 0.234375 0.0625 0.0671875
1 0.8640625 0.1546875 0.065625 0.0671875
6 0.30703125 0.3203125 0.065625 0.059375
6 0.4984375 0.32109375 0.06875 0.0734375
6 0.678125 0.321875 0.071875 0.071875
6 0.859375 0.32578125 0.071875 0.0703125
