11 0.6234375 0.80703125 0.071875 0.0765625
7 0.5484375 0.840625 0.0859375 0.084375
7 0.7046875 0.76953125 0.0859375 0.0890625
10 0.8 0.73359375 0.075 0.078125
12 0.72890625 0.5859375 0.0828125 0.0890625
9 0.96640625 0.6640625 0.0671875 0.0875
9 0.0484375 0.3921875 0.0828125 0.0875
8 0.10546875 0.2859375 0.084375 0.0875
12 0.22734375 0.3359375 0.084375 0.0859375
8 0.55390625 0.65078125 0.0796875 0.078125
13 0.153125 0.6390625 0.0890625 0.090625
13 0.5203125 0.5765625 0.0859375 0.0890625
13 0.7015625 0.4984375 0.0875 0.090625
13 0.86171875 0.43125 0.090625 0.09375
4 0.33046875 0.103125 0.0921875 0.09375
0 0.24765625 0.134375 0.084375 0.0859375
0 0.3609375 0.1734375 0.0859375 0.0890625
3 0.38125 0.259375 0.084375 0.0875
3 0.159375 0.171875 0.0875 0.0875
5 0.59453125 0.021875 0.0890625 0.04375
2 0.36328125 0.64375 0.08125 0.0828125
1 0.64140625 0.1515625 0.084375 0.0859375
1 0.69921875 0.04140625 0.0859375 0.0828125
6 0.25234375 0.41015625 0.084375 0.0796875
6 0.42890625 0.3359375 0.0921875 0.09375
6 0.59453125 0.26640625 0.09375 0.09375
6 0.7625 0.19921875 0.09375 0.0921875
