11 0.50078125 0.765625 0.0640625 0.0671875
7 0.3984375 0.67265625 0.065625 0.0640625
7 0.59296875 0.83984375 0.059375 0.0625
10 0.3078125 0.83671875 0.0609375 0.065625
10 0.48828125 0.68046875 0.065625 0.0671875
12 0.5859375 0.50546875 0.0578125 0.0578125
12 0.40703125 0.5171875 0.0625 0.0640625
9 0.7671875 0.59375 0.0578125 0.0671875
8 0.40390625 0.84296875 0.059375 0.0625
8 0.775 0.76875 0.0640625 0.0703125
13 0.8625 0.59765625 0.065625 0.06875
13 0.50078125 0.50625 0.0578125 0.065625
13 0.1328125 0.58828125 0.0640625 0.065625
4 0.49609375 0.0796875 0.0640625 0.065625
0 0.5890625 0.07890625 0.0640625 0.0671875
0 0.49375 0.15546875 0.071875 0.06875
3 0.4984375 0.2375 0.0625 0.0671875
3 0.6796875 0.08359375 0.065625 0.06875
5 0.2203125 0.6734375 0.0625 0.06875
5 0.86796875 0.24765625 0.065625 0.0765625
2 0.23203125 0.33359375 0.071875 0.06875
1 0.40546875 0.4140625 0.078125 0.0640625
1 0.68828125 0.41328125 0.06875 0.065625
6 0.146875 0.32265625 0.071875 0.0640625
6 0.50546875 0.32578125 0.0703125 0.0671875
6 0.86953125 0.4203125 0.071875 0.065625
