11 0.50234375 0.89921875 0.0671875 0.0703125
7 0.5953125 0.89453125 0.0640625 0.0671875
7 0.4140625 0.89140625 0.0609375 0.0671875
10 0.3078125 0.89765625 0.0640625 0.0703125
10 0.69609375 0.89296875 0.0625 0.0734375
12 0.79140625 0.9 0.0546875 0.06875
12 0.2046875 0.89375 0.0609375 0.065625
9 0.88671875 0.90078125 0.0609375 0.0640625
9 0.11796875 0.89765625 0.059375 0.0609375
8 0.7953125 0.73046875 0.0609375 0.0625
8 0.22734375 0.71171875 0.06875 0.0671875
13 0.12265625 0.621875 0.0625 0.0640625
13 0.3015625 0.62890625 0.0578125 0.0625
13 0.49765625 0.6375 0.0546875 0.059375
13 0.68984375 0.64140625 0.059375 0.0640625
13 0.890625 0.63671875 0.05625 0.0640625
4 0.51015625 0.090625 0.0515625 0.0671875
0 0.59765625 0.0921875 0.059375 0.0671875
0 0.4109375 0.08828125 0.0609375 0.065625
3 0.69453125 0.09375 0.06875 0.0734375
3 0.30234375 0.08984375 0.0625 0.075
5 0.20703125 0.090625 0.0609375 0.0671875
5 0.7984375 0.09375 0.0671875 0.0671875
2 0.8984375 0.0953125 0.071875 0.0671875
2 0.11796875 0.0921875 0.065625 0.0671875
1 0.225 0.2609375 0.0640625 0.0671875
1 0.8 0.27734375 0.0578125 0.0671875
6 0.121875 0.346875 0.0578125 0.0640625
6 0.3046875 0.3609375 0.0609375 0.065625
6 0.5046875 0.36015625 0.05625 0.0671875
6 0.7015625 0.3578125 0.0640625 0.06875
6 0.8828125 0.365625 0.0640625 0.06875
