11 0.490625 0.89921875 0.06875 0.071875
7 0.39765625 0.89296875 0.065625 0.06875
7 0.57890625 0.89296875 0.0625 0.06875
10 0.68515625 0.90078125 0.065625 0.071875
10 0.296875 0.88984375 0.0640625 0.075
12 0.2015625 0.89453125 0.05625 0.0703125
12 0.78828125 0.89921875 0.0625 0.0671875
9 0.10625 0.89375 0.0625 0.065625
9 0.875 0.90390625 0.0609375 0.0625
8 0.20078125 0.725 0.0625 0.0640625
8 0.76875 0.71640625 0.0703125 0.06875
13 0.875 0.628125 0.0640625 0.065625
13 0.69609375 0.63203125 0.059375 0.0640625
13 0.5 0.6375 0.05625 0.0609375
13 0.3078125 0.63828125 0.0609375 0.065625
13 0.10703125 0.6296875 0.0578125 0.065625
4 0.496875 0.090625 0.053125 0.06875
0 0.409375 0.090625 0.0609375 0.06875
0 0.59609375 0.08984375 0.0625 0.0671875
3 0.3125 0.090625 0.0703125 0.075
3 0.7046875 0.09296875 0.0640625 0.0765625
5 0.8 0.09609375 0.0625 0.06875
5 0.20859375 0.08828125 0.06875 0.06875
2 0.10859375 0.08828125 0.0734375 0.06875
2 0.8890625 0.09921875 0.0671875 0.06875
1 0.77890625 0.265625 0.065625 0.06875
1 0.20390625 0.271875 0.059375 0.06875
6 0.88046875 0.353125 0.059375 0.065625
6 0.69765625 0.3640625 0.0625 0.0671875
6 0.49765625 0.36015625 0.0578125 0.06875
6 0.30078125 0.3546875 0.065625 0.0703125
6 0.11953125 0.35859375 0.065625 0.0703125
