11 0.428125 0.89296875 0.078125 0.08125
7 0.3375 0.871875 0.075 0.0765625
7 0.51640625 0.9 0.071875 0.0765625
10 0.6203125 0.925 0.075 0.0796875
10 0.23828125 0.853125 0.075 0.0828125
12 0.14375 0.84296875 0.065625 0.0765625
12 0.72265625 0.9390625 0.071875 0.075
9 0.04921875 0.82734375 0.071875 0.0734375
9 0.80703125 0.9578125 0.06875 0.0703125
8 0.16953125 0.67578125 0.0703125 0.071875
8 0.73203125 0.75546875 0.0796875 0.078125
13 0.85078125 0.6859375 0.0734375 0.0734375
13 0.67265625 0.66171875 0.0671875 0.071875
13 0.478125 0.6359375 0.0640625 0.06875
13 0.28828125 0.60625 0.0703125 0.0734375
13 0.09140625 0.5671875 0.0671875 0.0734375
4 0.5609375 0.0953125 0.0625 0.075
0 0.475 0.08125 0.0703125 0.0765625
0 0.659375 0.11015625 0.071875 0.075
3 0.37890625 0.06640625 0.0796875 0.084375
3 0.765625 0.13046875 0.075 0.084375
5 0.859375 0.14765625 0.071875 0.0765625
5 0.2765625 0.0484375 0.078125 0.078125
2 0.17734375 0.03515625 0.0828125 0.0703125
2 0.946875 0.16484375 0.0765625 0.078125
1 0.8125 0.3125 0.075 0.0765625
1 0.24296875 0.22890625 0.06875 0.0765625
6 0.89921875 0.41484375 0.06875 0.0734375
6 0.71640625 0.396875 0.071875 0.075
6 0.51953125 0.36171875 0.0671875 0.0765625
6 0.3265625 0.325 0.075 0.078125
6 0.14609375 0.3015625 0.075 0.078125
