11 0.59375 0.87421875 0.075 0.08125
7 0.5125 0.8984375 0.0734375 0.0765625
7 0.6765625 0.85078125 0.0765625 0.0765625
10 0.77265625 0.8328125 0.06875 0.075
10 0.4109375 0.92578125 0.0765625 0.078125
12 0.38046875 0.76953125 0.075 0.075
12 0.865625 0.8046875 0.0734375 0.0734375
9 0.95859375 0.7765625 0.0734375 0.0734375
9 0.33984375 0.95390625 0.075 0.0765625
8 0.81875 0.653125 0.0734375 0.075
8 0.55078125 0.72578125 0.0703125 0.0703125
13 0.8875 0.53515625 0.075 0.0765625
13 0.7109375 0.5875 0.06875 0.06875
13 0.540625 0.634375 0.0703125 0.075
13 0.36640625 0.6859375 0.0703125 0.06875
13 0.1921875 0.7359375 0.0734375 0.078125
4 0.3875 0.14296875 0.075 0.08125
0 0.30546875 0.16640625 0.0671875 0.0765625
0 0.471875 0.11875 0.075 0.078125
3 0.21640625 0.19375 0.078125 0.0796875
3 0.440625 0.30625 0.0765625 0.0828125
5 0.26171875 0.346875 0.075 0.0734375
5 0.61171875 0.24765625 0.0796875 0.078125
2 0.75546875 0.0375 0.0828125 0.075
2 0.12421875 0.2125 0.0765625 0.084375
1 0.7078125 0.23515625 0.084375 0.0875
1 0.16015625 0.375 0.084375 0.0859375
6 0.815625 0.2875 0.0875 0.0890625
6 0.6375 0.3359375 0.078125 0.0796875
6 0.465625 0.3875 0.08125 0.0765625
6 0.28203125 0.4375 0.08125 0.084375
6 0.11171875 0.4875 0.0765625 0.0828125
