11 0.50625 0.8859375 0.059375 0.06875
7 0.59140625 0.88828125 0.059375 0.0640625
7 0.4203125 0.884375 0.0625 0.0625
10 0.32265625 0.8921875 0.0546875 0.0625
10 0.69609375 0.88828125 0.0625 0.0640625
12 0.68515625 0.7296875 0.0609375 0.0609375
12 0.22578125 0.8890625 0.059375 0.059375
9 0.12890625 0.8859375 0.059375 0.059375
9 0.771875 0.896875 0.0609375 0.0625
8 0.23203125 0.73046875 0.059375 0.0625
8 0.509375 0.73125 0.0578125 0.0578125
13 0.13515625 0.634375 0.0609375 0.0625
13 0.31875 0.6390625 0.05625 0.05625
13 0.4953125 0.640625 0.05625 0.0625
13 0.67734375 0.6453125 0.0578125 0.05625
13 0.85859375 0.6484375 0.0578125 0.065625
4 0.51640625 0.12578125 0.059375 0.06875
0 0.6015625 0.12734375 0.0515625 0.065625
0 0.428125 0.12421875 0.059375 0.065625
3 0.69453125 0.13046875 0.0625 0.065625
3 0.50703125 0.29765625 0.0609375 0.06875
5 0.690625 0.290625 0.0609375 0.059375
5 0.3265625 0.28515625 0.065625 0.0640625
2 0.1328125 0.115625 0.0671875 0.06875
2 0.78828125 0.125 0.0609375 0.0703125
1 0.23046875 0.29765625 0.06875 0.071875
1 0.79609375 0.29140625 0.06875 0.0703125
6 0.13984375 0.3765625 0.0703125 0.0734375
6 0.325 0.37734375 0.0625 0.065625
6 0.50390625 0.3828125 0.0671875 0.0609375
6 0.69453125 0.3828125 0.065625 0.0703125
6 0.871875 0.3875 0.0609375 0.06875
