11 0.7375 0.8046875 0.0890625 0.090625
7 0.80703125 0.75546875 0.0859375 0.0875
7 0.66796875 0.8546875 0.0875 0.0875
10 0.59453125 0.9203125 0.08125 0.0828125
10 0.890625 0.6921875 0.0890625 0.0890625
12 0.7859375 0.571875 0.0859375 0.0859375
12 0.51484375 0.9671875 0.0828125 0.065625
9 0.95625 0.653125 0.0859375 0.0859375
8 0.425 0.8453125 0.084375 0.0859375
8 0.646875 0.67890625 0.08125 0.08125
13 0.28984375 0.8265625 0.0859375 0.0859375
13 0.4390625 0.7203125 0.078125 0.078125
13 0.58125 0.61484375 0.0828125 0.084375
13 0.72890625 0.509375 0.0796875 0.0796875
13 0.87578125 0.403125 0.0859375 0.0875
4 0.28828125 0.19140625 0.0890625 0.090625
0 0.35703125 0.14140625 0.08125 0.0828125
0 0.21640625 0.24296875 0.0875 0.0875
3 0.4328125 0.0875 0.0890625 0.090625
3 0.38359375 0.334375 0.090625 0.0921875
5 0.5265625 0.21796875 0.084375 0.084375
5 0.23203125 0.4328125 0.090625 0.090625
2 0.01171875 0.41328125 0.0234375 0.0953125
2 0.5046875 0.03671875 0.090625 0.0734375
1 0.16328125 0.50078125 0.0984375 0.0984375
1 0.6109375 0.15546875 0.096875 0.096875
6 0.13828125 0.61796875 0.1 0.1015625
6 0.28671875 0.50703125 0.0890625 0.090625
6 0.4328125 0.40390625 0.090625 0.0890625
6 0.58515625 0.2890625 0.0953125 0.0953125
6 0.72890625 0.18671875 0.090625 0.0921875
