11 0.15078125 0.4578125 0.075 0.0734375
7 0.584375 0.75546875 0.0703125 0.0703125
7 0.5609375 0.51953125 0.075 0.071875
10 0.69765625 0.43515625 0.0765625 0.0765625
10 0.36328125 0.5875 0.0796875 0.0796875
12 0.615625 0.28125 0.0671875 0.0671875
12 0.68203125 0.8046875 0.0640625 0.065625
9 0.37109375 0.796875 0.0703125 0.071875
9 0.25546875 0.6234375 0.0703125 0.0703125
8 0.51328125 0.80859375 0.0734375 0.0734375
8 0.5671875 0.91171875 0.06875 0.0703125
13 0.75234375 0.73828125 0.0734375 0.0734375
13 0.609375 0.39453125 0.071875 0.0734375
13 0.46875 0.9375 0.071875 0.071875
13 0.2765625 0.47265625 0.078125 0.078125
13 0.2515625 0.19375 0.075 0.0765625
4 0.43515625 0.47421875 0.0703125 0.0703125
0 0.45625 0.7203125 0.0734375 0.071875
0 0.478125 0.2296875 0.06875 0.0703125
3 0.52578125 0.61015625 0.0671875 0.06875
3 0.24765625 0.39375 0.075 0.0765625
5 0.5296875 0.43828125 0.06875 0.0703125
5 0.43515625 0.5515625 0.071875 0.0734375
2 0.42421875 0.36640625 0.06875 0.06875
2 0.346875 0.24453125 0.0703125 0.0703125
1 0.815625 0.559375 0.071875 0.071875
1 0.159375 0.2984375 0.0765625 0.0765625
6 0.84296875 0.69765625 0.075 0.0765625
6 0.61171875 0.6484375 0.0671875 0.0703125
6 0.6453125 0.53671875 0.0734375 0.0734375
6 0.52890625 0.33203125 0.071875 0.075
6 0.41328125 0.13046875 0.071875 0.0734375
