11 0.671875 0.9125 0.09375 0.1
7 0.63125 0.82421875 0.0953125 0.1
7 0.76484375 0.875 0.096875 0.1015625
10 0.86328125 0.83828125 0.0921875 0.09375
10 0.47421875 0.97265625 0.0953125 0.0546875
12 0.7875 0.6578125 0.09375 0.0953125
12 0.209375 0.88515625 0.0984375 0.0953125
8 0.834375 0.20234375 0.096875 0.096875
8 0.11015625 0.39140625 0.0984375 0.0984375
9 0.809375 0.43359375 0.1046875 0.103125
13 0.1390625 0.7046875 0.0984375 0.09375
13 0.5546875 0.63359375 0.096875 0.0984375
13 0.7515625 0.55546875 0.1015625 0.1015625
13 0.95 0.4765625 0.096875 0.1
4 0.33359375 0.0828125 0.1046875 0.1046875
0 0.434375 0.04609375 0.09375 0.0921875
0 0.37578125 0.17734375 0.09375 0.0953125
3 0.41640625 0.28671875 0.0984375 0.0953125
3 0.52890625 0.025 0.0984375 0.05
5 0.03125 0.42734375 0.0625 0.0953125
5 0.8 0.109375 0.096875 0.096875
2 0.4578125 0.6859375 0.0953125 0.0953125
1 0.70703125 0.153125 0.096875 0.096875
1 0.2109375 0.36484375 0.096875 0.096875
6 0.36171875 0.72265625 0.096875 0.09375
6 0.0578125 0.5203125 0.1015625 0.1015625
6 0.6484375 0.28359375 0.096875 0.096875
