11 0.27890625 0.88828125 0.0984375 0.103125
7 0.33046875 0.80625 0.1 0.103125
7 0.19140625 0.83984375 0.1015625 0.1046875
10 0.09765625 0.79140625 0.096875 0.0984375
10 0.4640625 0.971875 0.1 0.05625
12 0.1953125 0.62109375 0.0984375 0.0984375
12 0.74140625 0.91796875 0.1015625 0.1
8 0.20390625 0.16328125 0.1015625 0.1
8 0.90078125 0.43984375 0.103125 0.103125
9 0.2015625 0.39609375 0.109375 0.1078125
13 0.83359375 0.74765625 0.103125 0.1
13 0.42890625 0.62578125 0.1015625 0.103125
13 0.24375 0.52421875 0.10625 0.10625
13 0.05625 0.421875 0.1015625 0.1046875
4 0.715625 0.10625 0.109375 0.109375
0 0.6203125 0.0546875 0.1 0.103125
0 0.66328125 0.19453125 0.0984375 0.1
3 0.60859375 0.2984375 0.1015625 0.1
3 0.53125 0.02578125 0.103125 0.0515625
5 0.9703125 0.48671875 0.059375 0.0984375
5 0.25 0.07578125 0.1 0.1015625
2 0.51953125 0.6890625 0.1 0.1
1 0.33671875 0.13046875 0.1015625 0.1015625
1 0.803125 0.40078125 0.1015625 0.1015625
6 0.61015625 0.73828125 0.1015625 0.0984375
6 0.93671875 0.57421875 0.10625 0.10625
6 0.37890625 0.2671875 0.1015625 0.1015625
