11 0.49296875 0.83359375 0.0578125 0.071875
7 0.4109375 0.8328125 0.0640625 0.0640625
7 0.5828125 0.828125 0.0609375 0.0625
10 0.68359375 0.8328125 0.0578125 0.0640625
10 0.31484375 0.83359375 0.0609375 0.059375
12 0.771875 0.834375 0.0578125 0.0609375
12 0.13203125 0.67265625 0.0625 0.0609375
9 0.22109375 0.8328125 0.0671875 0.0609375
9 0.87421875 0.83671875 0.059375 0.065625
8 0.50625 0.32109375 0.059375 0.0671875
8 0.22109375 0.1453125 0.0578125 0.0625
13 0.31875 0.49609375 0.059375 0.0640625
13 0.1390625 0.5859375 0.065625 0.0609375
13 0.4875 0.5765625 0.0640625 0.065625
13 0.68515625 0.57421875 0.0640625 0.0671875
13 0.86015625 0.578125 0.0671875 0.071875
4 0.49765625 0.06640625 0.0671875 0.0703125
0 0.59296875 0.07265625 0.0625 0.0671875
0 0.496875 0.14609375 0.06875 0.0671875
3 0.31796875 0.3984375 0.0671875 0.065625
3 0.31484375 0.06640625 0.0671875 0.0640625
5 0.13125 0.22890625 0.0640625 0.065625
5 0.77890625 0.0703125 0.0671875 0.065625
2 0.86171875 0.15 0.0671875 0.06875
2 0.2203125 0.0640625 0.06875 0.06875
1 0.31796875 0.23203125 0.0671875 0.065625
1 0.7640625 0.2328125 0.0671875 0.0703125
6 0.140625 0.31484375 0.065625 0.0640625
6 0.30390625 0.31796875 0.071875 0.0703125
6 0.67578125 0.31953125 0.0734375 0.0703125
6 0.86015625 0.3265625 0.0703125 0.075
