11 0.73671875 0.73515625 0.0921875 0.0921875
7 0.7953125 0.67734375 0.090625 0.090625
7 0.66875 0.79375 0.0875 0.0875
10 0.59921875 0.8671875 0.0859375 0.0859375
10 0.86484375 0.61171875 0.084375 0.084375
12 0.53671875 0.9296875 0.084375 0.084375
12 0.884375 0.36875 0.0875 0.0875
9 0.93203125 0.5453125 0.090625 0.090625
9 0.46484375 0.97890625 0.0890625 0.0421875
8 0.37109375 0.37578125 0.0890625 0.0890625
8 0.45390625 0.05078125 0.084375 0.084375
13 0.62734375 0.37109375 0.0875 0.0875
13 0.81953125 0.3109375 0.0890625 0.0890625
13 0.5625 0.54609375 0.0921875 0.0921875
13 0.41875 0.68203125 0.0921875 0.0921875
13 0.2953125 0.80625 0.0984375 0.0984375
4 0.20078125 0.18671875 0.096875 0.096875
0 0.1359375 0.25703125 0.0921875 0.0921875
0 0.25625 0.24296875 0.096875 0.0953125
3 0.56015625 0.30078125 0.09375 0.09375
3 0.33203125 0.059375 0.0921875 0.0921875
5 0.5765625 0.04921875 0.0921875 0.0921875
5 0.0234375 0.384375 0.046875 0.09375
2 0.021875 0.4984375 0.04375 0.096875
2 0.3984375 0.0203125 0.096875 0.040625
1 0.44453125 0.18046875 0.09375 0.09375
1 0.12421875 0.49140625 0.096875 0.096875
6 0.6296875 0.1171875 0.0921875 0.0921875
6 0.51484375 0.2328125 0.1 0.1
6 0.2484375 0.4921875 0.1015625 0.1015625
6 0.1203125 0.62578125 0.103125 0.103125
