11 0.53046875 0.83203125 0.0625 0.075
7 0.61171875 0.82578125 0.06875 0.06875
7 0.440625 0.8328125 0.065625 0.0671875
10 0.33984375 0.84453125 0.0625 0.0671875
10 0.7078125 0.81953125 0.065625 0.0640625
12 0.25234375 0.85234375 0.0625 0.0640625
12 0.87890625 0.646875 0.0671875 0.065625
9 0.8015625 0.8125 0.071875 0.065625
9 0.15 0.86171875 0.0640625 0.0703125
8 0.48125 0.321875 0.0640625 0.071875
8 0.753125 0.1265625 0.0625 0.065625
13 0.68046875 0.48359375 0.0640625 0.06875
13 0.86640625 0.5609375 0.0703125 0.065625
13 0.51796875 0.57578125 0.06875 0.0703125
13 0.3203125 0.58671875 0.06875 0.071875
13 0.14609375 0.603125 0.071875 0.0765625
4 0.471875 0.0671875 0.071875 0.075
0 0.37734375 0.08046875 0.0671875 0.071875
0 0.478125 0.146875 0.0734375 0.071875
3 0.67421875 0.3859375 0.071875 0.0703125
3 0.6546875 0.0546875 0.071875 0.06875
5 0.84921875 0.20390625 0.06875 0.0703125
5 0.1921875 0.090625 0.071875 0.0703125
2 0.11484375 0.17578125 0.071875 0.0734375
2 0.7484375 0.0453125 0.0734375 0.0734375
1 0.66328125 0.2203125 0.071875 0.0703125
1 0.21796875 0.2515625 0.071875 0.075
6 0.8453125 0.28984375 0.0703125 0.06875
6 0.6828125 0.3046875 0.0765625 0.075
6 0.31171875 0.33203125 0.078125 0.075
6 0.12890625 0.35234375 0.075 0.0796875
