11 0.49296875 0.8296875 0.0609375 0.065625
7 0.49609375 0.746875 0.0640625 0.06875
7 0.58359375 0.82734375 0.0625 0.0640625
10 0.68515625 0.8375 0.0640625 0.0671875
12 0.8578125 0.325 0.06875 0.06875
9 0.575 0.4953125 0.0625 0.06875
8 0.496875 0.32578125 0.065625 0.0671875
13 0.1265625 0.48984375 0.0578125 0.065625
13 0.4875 0.59453125 0.0671875 0.06875
13 0.68125 0.496875 0.0625 0.075
4 0.5 0.06953125 0.065625 0.0640625
0 0.4984375 0.146875 0.065625 0.059375
0 0.4109375 0.06484375 0.0671875 0.0703125
3 0.48671875 0.22890625 0.059375 0.065625
3 0.3171875 0.06171875 0.059375 0.071875
5 0.8578125 0.2359375 0.0625 0.0671875
2 0.8625 0.58125 0.065625 0.0671875
1 0.78046875 0.840625 0.0640625 0.0609375
6 0.67890625 0.321875 0.0640625 0.065625
