11 0.70859375 0.75546875 0.0890625 0.0890625
7 0.6546875 0.6921875 0.0921875 0.09375
7 0.6359375 0.809375 0.0890625 0.0890625
10 0.56171875 0.8796875 0.0921875 0.0921875
12 0.11015625 0.58203125 0.096875 0.096875
9 0.43828125 0.5421875 0.0921875 0.0921875
8 0.3953125 0.3609375 0.09375 0.09375
13 0.78828125 0.26171875 0.0859375 0.0875
13 0.56796875 0.56640625 0.0953125 0.0953125
13 0.35546875 0.609375 0.0953125 0.096875
4 0.23515625 0.1609375 0.090625 0.090625
0 0.28359375 0.22109375 0.0875 0.0875
0 0.30234375 0.10234375 0.096875 0.096875
3 0.34375 0.278125 0.0875 0.0875
3 0.3734375 0.04453125 0.090625 0.0890625
5 0.05546875 0.5125 0.090625 0.0921875
2 0.2640625 0.7875 0.09375 0.09375
1 0.4890625 0.94140625 0.0875 0.0875
6 0.24921875 0.46953125 0.090625 0.090625
