11 0.44140625 0.82421875 0.0703125 0.075
7 0.4578125 0.74296875 0.0734375 0.078125
7 0.53125 0.83671875 0.071875 0.0734375
10 0.63046875 0.8625 0.0734375 0.0765625
12 0.88046875 0.3828125 0.078125 0.078125
9 0.575 0.50703125 0.071875 0.078125
8 0.52421875 0.32734375 0.075 0.0765625
13 0.1328125 0.43125 0.0671875 0.0734375
13 0.47265625 0.59140625 0.0765625 0.078125
13 0.6796875 0.525 0.0734375 0.084375
4 0.5671875 0.075 0.075 0.0734375
0 0.55390625 0.15078125 0.0734375 0.06875
0 0.48046875 0.05625 0.078125 0.0796875
3 0.52890625 0.23046875 0.06875 0.0734375
3 0.38828125 0.0390625 0.0703125 0.078125
5 0.89453125 0.2953125 0.071875 0.0765625
2 0.8453125 0.63671875 0.075 0.0765625
1 0.7234375 0.88046875 0.0734375 0.0703125
6 0.7046875 0.35234375 0.0734375 0.075
