11 0.5171875 0.88671875 0.0640625 0.0578125
7 0.60234375 0.8890625 0.0546875 0.065625
7 0.41484375 0.88671875 0.0625 0.0703125
10 0.7046875 0.88203125 0.0609375 0.065625
10 0.328125 0.8859375 0.0625 0.0625
12 0.23359375 0.8796875 0.0625 0.0640625
9 0.13515625 0.88203125 0.0609375 0.065625
9 0.609375 0.37734375 0.065625 0.06875
8 0.2296875 0.72109375 0.0609375 0.0671875
8 0.5109375 0.81015625 0.0609375 0.065625
13 0.14375 0.62734375 0.065625 0.065625
13 0.86875 0.64296875 0.0640625 0.0640625
13 0.3265625 0.4625 0.065625 0.06875
13 0.5140625 0.4671875 0.0703125 0.071875
4 0.51953125 0.11796875 0.065625 0.065625
0 0.60859375 0.1171875 0.0546875 0.0671875
0 0.515625 0.1953125 0.0671875 0.0671875
3 0.70078125 0.1203125 0.0625 0.0671875
3 0.521875 0.28203125 0.0671875 0.0671875
5 0.33828125 0.2921875 0.065625 0.06875
5 0.70703125 0.29375 0.0640625 0.06875
2 0.1453125 0.103125 0.06875 0.06875
2 0.7875 0.8078125 0.06875 0.0703125
1 0.23671875 0.28984375 0.071875 0.0734375
1 0.703125 0.19140625 0.0640625 0.075
6 0.14453125 0.3671875 0.0671875 0.0734375
6 0.33125 0.37578125 0.0671875 0.071875
6 0.50625 0.37890625 0.071875 0.065625
6 0.88125 0.3796875 0.0640625 0.0765625
6 0.69296875 0.63984375 0.065625 0.0671875
12 0.41328125 0.4609375 0.06875 0.071875
