11 0.74140625 0.803125 0.0859375 0.084375
7 0.81171875 0.7546875 0.0828125 0.0859375
7 0.65859375 0.86328125 0.0921875 0.09375
10 0.88984375 0.6890625 0.0875 0.0890625
10 0.5875 0.91328125 0.0875 0.0875
12 0.5078125 0.959375 0.0875 0.08125
9 0.4296875 0.9890625 0.0875 0.021875
9 0.51640625 0.33671875 0.09375 0.09375
8 0.4109375 0.8375 0.0890625 0.090625
8 0.69140625 0.74453125 0.0875 0.0890625
13 0.28671875 0.8125 0.0921875 0.0921875
13 0.88203125 0.39921875 0.0890625 0.0890625
13 0.3375 0.571875 0.09375 0.09375
13 0.4921875 0.46484375 0.0984375 0.1
4 0.29140625 0.1796875 0.0921875 0.0921875
0 0.3625 0.1265625 0.084375 0.0859375
0 0.33359375 0.24453125 0.09375 0.09375
3 0.4390625 0.075 0.090625 0.090625
3 0.38984375 0.3109375 0.09375 0.09375
5 0.246875 0.4265625 0.09375 0.09375
5 0.54609375 0.21171875 0.0921875 0.09375
2 0.01328125 0.38671875 0.0265625 0.0953125
2 0.91328125 0.5796875 0.096875 0.096875
1 0.16328125 0.484375 0.1015625 0.1015625
1 0.4828125 0.13125 0.0953125 0.0984375
6 0.134375 0.6015625 0.096875 0.0984375
6 0.290625 0.4984375 0.096875 0.096875
6 0.43359375 0.3984375 0.096875 0.0953125
6 0.7375 0.17890625 0.096875 0.1
6 0.73828125 0.5 0.0921875 0.0921875
12 0.40703125 0.51953125 0.0984375 0.0984375
