11 0.49921875 0.8328125 0.0609375 0.0609375
7 0.59140625 0.83984375 0.059375 0.0625
7 0.49453125 0.75703125 0.0578125 0.0640625
10 0.67421875 0.83984375 0.0546875 0.06875
10 0.4984375 0.67421875 0.05625 0.0671875
12 0.8640625 0.76875 0.0625 0.0609375
12 0.4046875 0.5046875 0.05 0.0625
9 0.3078125 0.85 0.0640625 0.065625
9 0.76875 0.853125 0.0640625 0.065625
8 0.4078125 0.675 0.0609375 0.071875
8 0.40078125 0.84453125 0.0578125 0.0625
13 0.134375 0.58828125 0.071875 0.071875
13 0.48203125 0.59140625 0.0625 0.06875
13 0.68125 0.5046875 0.059375 0.06875
13 0.86484375 0.59765625 0.0640625 0.075
4 0.4953125 0.084375 0.059375 0.0640625
0 0.58828125 0.0796875 0.065625 0.071875
0 0.490625 0.1578125 0.0671875 0.0671875
3 0.4984375 0.240625 0.065625 0.0671875
3 0.678125 0.08828125 0.06875 0.071875
5 0.2109375 0.2453125 0.0625 0.071875
5 0.86953125 0.25078125 0.06875 0.0671875
2 0.22109375 0.0703125 0.0671875 0.071875
2 0.2265625 0.503125 0.0640625 0.065625
1 0.77109375 0.421875 0.06875 0.071875
1 0.496875 0.4265625 0.06875 0.06875
6 0.15 0.3234375 0.078125 0.071875
6 0.31171875 0.3265625 0.06875 0.065625
6 0.503125 0.32578125 0.065625 0.0671875
6 0.6859375 0.3328125 0.06875 0.0671875
6 0.8703125 0.41875 0.0671875 0.0640625
