11 0.7 0.76640625 0.0859375 0.0859375
7 0.77734375 0.71640625 0.084375 0.0859375
7 0.65 0.70859375 0.084375 0.0859375
10 0.84375 0.66640625 0.084375 0.0875
10 0.60390625 0.63984375 0.0859375 0.0875
12 0.95234375 0.4953125 0.0859375 0.0859375
12 0.4265625 0.5609375 0.078125 0.0796875
9 0.55703125 0.8953125 0.090625 0.090625
9 0.92734375 0.6203125 0.090625 0.090625
8 0.53203125 0.6953125 0.0921875 0.09375
8 0.628125 0.83515625 0.084375 0.084375
13 0.2609375 0.790625 0.1 0.1
13 0.540625 0.58359375 0.090625 0.0921875
13 0.64765625 0.39453125 0.0890625 0.090625
13 0.85 0.35859375 0.096875 0.0984375
4 0.24609375 0.17109375 0.0859375 0.0875
0 0.3171875 0.1109375 0.0953125 0.096875
0 0.28671875 0.23203125 0.09375 0.09375
3 0.34296875 0.29375 0.0921875 0.09375
3 0.39453125 0.0640625 0.0984375 0.0984375
5 0.115625 0.4703125 0.09375 0.0953125
5 0.6453125 0.07890625 0.0953125 0.0953125
2 0.03359375 0.32421875 0.0671875 0.0984375
2 0.28359375 0.6671875 0.090625 0.090625
1 0.66953125 0.27421875 0.0984375 0.0984375
1 0.453125 0.44296875 0.096875 0.096875
6 0.1140625 0.56953125 0.10625 0.1046875
6 0.2453125 0.475 0.09375 0.09375
6 0.39765625 0.35859375 0.0921875 0.09375
6 0.54765625 0.2546875 0.0953125 0.0953125
6 0.746875 0.2125 0.0921875 0.0921875
