11 0.73984375 0.81015625 0.0890625 0.090625
7 0.8234375 0.753125 0.0921875 0.09375
7 0.69453125 0.74140625 0.0890625 0.090625
10 0.8953125 0.6921875 0.0953125 0.0953125
10 0.6328125 0.6609375 0.0828125 0.084375
9 0.4546875 0.934375 0.0890625 0.090625
8 0.5671875 0.26328125 0.0921875 0.09375
13 0.68359375 0.403125 0.0875 0.0890625
13 0.6328125 0.32734375 0.0796875 0.0828125
13 0.278125 0.846875 0.096875 0.096875
4 0.23671875 0.16796875 0.0921875 0.09375
0 0.31796875 0.1109375 0.096875 0.0984375
0 0.17421875 0.2265625 0.0953125 0.0953125
3 0.35625 0.2984375 0.0984375 0.1
3 0.0796875 0.290625 0.1 0.1
5 0.2484375 0.50234375 0.0890625 0.090625
2 0.50625 0.66015625 0.0828125 0.084375
6 0.4296875 0.71953125 0.09375 0.0953125
6 0.15234375 0.69140625 0.09375 0.09375
6 0.71640625 0.14609375 0.1 0.1015625
