11 0.38671875 0.87578125 0.0796875 0.08125
7 0.28828125 0.85234375 0.0796875 0.0859375
7 0.4046875 0.7953125 0.0796875 0.08125
10 0.2 0.82109375 0.0828125 0.0859375
10 0.43359375 0.69765625 0.0734375 0.075
9 0.69765625 0.88984375 0.0765625 0.084375
8 0.35234375 0.303125 0.08125 0.084375
13 0.29453125 0.47578125 0.0765625 0.08125
13 0.3140625 0.3859375 0.06875 0.0765625
13 0.83125 0.74453125 0.084375 0.0875
4 0.62734375 0.0953125 0.0796875 0.0859375
0 0.53046875 0.07109375 0.0859375 0.0875
0 0.70625 0.128125 0.0828125 0.0859375
3 0.56171875 0.26015625 0.0859375 0.090625
3 0.8171875 0.153125 0.0890625 0.0875
5 0.7359375 0.41171875 0.078125 0.0828125
2 0.5515625 0.6515625 0.0703125 0.0765625
6 0.64453125 0.6796875 0.08125 0.0859375
6 0.89375 0.55390625 0.0828125 0.0828125
6 0.17109375 0.246875 0.0859375 0.0921875
