11 0.4984375 0.8921875 0.0625 0.065625
7 0.59921875 0.8984375 0.0609375 0.071875
7 0.5046875 0.81015625 0.0625 0.065625
10 0.69296875 0.89453125 0.065625 0.0703125
10 0.50546875 0.70859375 0.0578125 0.0609375
9 0.196875 0.81484375 0.0578125 0.0703125
8 0.6984375 0.3546875 0.0640625 0.06875
13 0.70390625 0.53671875 0.059375 0.0671875
13 0.7109375 0.4453125 0.0515625 0.0640625
13 0.11171875 0.63671875 0.0671875 0.0703125
4 0.496875 0.07578125 0.0625 0.0703125
0 0.59609375 0.08125 0.06875 0.0703125
0 0.41171875 0.084375 0.065625 0.0703125
3 0.5109375 0.25234375 0.0671875 0.0734375
3 0.29765625 0.07578125 0.071875 0.0703125
5 0.3 0.346875 0.0609375 0.0671875
2 0.40625 0.6296875 0.0546875 0.0640625
6 0.309375 0.6296875 0.0640625 0.0703125
6 0.1078125 0.43671875 0.065625 0.0671875
6 0.88828125 0.35390625 0.0671875 0.0765625
