11 0.4078125 0.81953125 0.0765625 0.075
7 0.32734375 0.79765625 0.0796875 0.0796875
7 0.496875 0.83828125 0.0765625 0.08125
10 0.59140625 0.865625 0.0828125 0.08125
12 0.6296875 0.70703125 0.0796875 0.0828125
9 0.3046875 0.17421875 0.084375 0.0859375
8 0.490625 0.49453125 0.0796875 0.0796875
8 0.33984375 0.0234375 0.0859375 0.046875
13 0.14140625 0.39453125 0.0828125 0.0828125
13 0.6734375 0.546875 0.08125 0.0859375
13 0.828125 0.66875 0.0828125 0.08125
13 0.46953125 0.5734375 0.0828125 0.0875
4 0.6109375 0.0828125 0.0859375 0.0828125
0 0.5921875 0.15703125 0.0796875 0.078125
0 0.525 0.05546875 0.0828125 0.084375
3 0.55390625 0.23515625 0.08125 0.0828125
3 0.4328125 0.0375 0.084375 0.075
5 0.8859375 0.15234375 0.0796875 0.0796875
2 0.52890625 0.409375 0.0765625 0.075
1 0.39453125 0.19921875 0.0796875 0.0796875
1 0.92265625 0.34296875 0.0796875 0.078125
6 0.36328125 0.2828125 0.0765625 0.078125
6 0.7203125 0.37265625 0.0796875 0.0796875
6 0.89453125 0.425 0.0828125 0.0828125
