11 0.70546875 0.76171875 0.0859375 0.0859375
7 0.771875 0.7109375 0.0921875 0.0921875
7 0.6296875 0.8125 0.0890625 0.090625
10 0.55234375 0.8734375 0.09375 0.09375
12 0.45703125 0.740625 0.0921875 0.09375
9 0.55859375 0.125 0.096875 0.096875
8 0.50625 0.49140625 0.0921875 0.0921875
8 0.4609375 0.01484375 0.1 0.0296875
13 0.79296875 0.26796875 0.09375 0.09375
13 0.35625 0.6078125 0.0953125 0.096875
13 0.25859375 0.7796875 0.09375 0.09375
13 0.55546875 0.55703125 0.096875 0.0984375
4 0.240625 0.1546875 0.096875 0.0953125
0 0.28671875 0.21640625 0.090625 0.0890625
0 0.31015625 0.09765625 0.0953125 0.0953125
3 0.35078125 0.275 0.09375 0.09375
3 0.38671875 0.0453125 0.0984375 0.090625
5 0.02890625 0.32109375 0.0578125 0.0921875
2 0.4390625 0.4265625 0.0859375 0.0859375
1 0.48515625 0.18125 0.0921875 0.0921875
1 0.04921875 0.51328125 0.090625 0.090625
6 0.5453125 0.24765625 0.0890625 0.0890625
6 0.2484375 0.46484375 0.0921875 0.0921875
6 0.10625 0.57890625 0.09375 0.09375
