7 0.1546875 0.08359375 0.0609375 0.071875
7 0.26015625 0.07109375 0.0640625 0.0703125
7 0.46796875 0.05625 0.08125 0.0734375
7 0.784375 0.03671875 0.08125 0.0734375
7 0.88984375 0.03359375 0.0703125 0.0671875
7 0.06171875 0.18671875 0.071875 0.0703125
7 0.1625 0.178125 0.0703125 0.0734375
7 0.26796875 0.171875 0.071875 0.071875
7 0.36953125 0.16171875 0.0703125 0.075
7 0.5796875 0.14765625 0.065625 0.0796875
7 0.68359375 0.14453125 0.0765625 0.078125
7 0.78671875 0.13203125 0.0703125 0.075
7 0.89140625 0.1296875 0.0734375 0.075
7 0.06640625 0.28359375 0.065625 0.06875
7 0.171875 0.27734375 0.0734375 0.0671875
7 0.27578125 0.26796875 0.0609375 0.06875
7 0.37578125 0.2609375 0.0625 0.065625
7 0.5875 0.25 0.0625 0.0625
7 0.69140625 0.24296875 0.075 0.065625
7 0.89921875 0.225 0.065625 0.0734375
7 0.17734375 0.37421875 0.075 0.071875
7 0.48828125 0.3546875 0.0765625 0.071875
7 0.59296875 0.34296875 0.065625 0.0640625
7 0.703125 0.33984375 0.0796875 0.0734375
7 0.8046875 0.3328125 0.0671875 0.0703125
7 0.9015625 0.3234375 0.0671875 0.0765625
7 0.08203125 0.48046875 0.0578125 0.0609375
7 0.1828125 0.46875 0.0640625 0.065625
7 0.28984375 0.46640625 0.0609375 0.0609375
7 0.3921875 0.4578125 0.0671875 0.06875
7 0.49375 0.44765625 0.065625 0.0671875
7 0.6015625 0.43671875 0.065625 0.065625
7 0.80546875 0.42734375 0.0625 0.0609375
7 0.91328125 0.421875 0.0640625 0.0671875
7 0.08828125 0.58125 0.0609375 0.0625
7 0.19296875 0.57578125 0.059375 0.059375
7 0.29453125 0.5625 0.0671875 0.0671875
7 0.4015625 0.56015625 0.0546875 0.0640625
7 0.60859375 0.54453125 0.0625 0.06875
7 0.71015625 0.53125 0.0671875 0.0640625
7 0.81328125 0.534375 0.053125 0.0609375
7 0.91875 0.51796875 0.0703125 0.075
7 0.19765625 0.6703125 0.06875 0.0671875
7 0.303125 0.66171875 0.0671875 0.065625
7 0.40390625 0.6546875 0.0625 0.0671875
7 0.615625 0.64453125 0.065625 0.0671875
7 0.81953125 0.6265625 0.0703125 0.0734375
7 0.20390625 0.76484375 0.0765625 0.0734375
7 0.30703125 0.7546875 0.065625 0.075
7 0.4125 0.7515625 0.0640625 0.06875
7 0.6171875 0.73203125 0.0625 0.071875
7 0.83203125 0.728125 0.0671875 0.078125
7 0.93203125 0.715625 0.06875 0.0671875
7 0.10625 0.87421875 0.071875 0.0640625
7 0.209375 0.86328125 0.0671875 0.071875
7 0.415625 0.8453125 0.071875 0.0703125
7 0.62734375 0.83359375 0.065625 0.0671875
7 0.73046875 0.82734375 0.06875 0.0703125
7 0.83671875 0.821875 0.065625 0.0671875
7 0.94140625 0.8109375 0.0625 0.0640625
7 0.1171875 0.96953125 0.059375 0.0609375
7 0.42265625 0.9484375 0.06875 0.071875
7 0.740625 0.925 0.075 0.06875
7 0.8453125 0.91875 0.0671875 0.06875
7 0.94765625 0.915625 0.0625 0.071875
12 0.52890625 0.946875 0.075 0.0765625
8 0.6328125 0.94140625 0.0796875 0.0796875
8 0.51953125 0.85234375 0.075 0.0765625
11 0.51328125 0.7546875 0.0734375 0.0796875
11 0.32109375 0.96015625 0.0734375 0.0796875
13 0.73203125 0.7375 0.06875 0.0796875
13 0.09453125 0.784375 0.078125 0.071875
10 0.20546875 0.96484375 0.0765625 0.0703125
10 0.49765625 0.559375 0.0765625 0.078125
9 0.04765625 0.08671875 0.078125 0.078125
14 0.0859375 0.6828125 0.075 0.078125
14 0.50546875 0.65390625 0.071875 0.0765625
14 0.93046875 0.625 0.0703125 0.071875
4 0.36015625 0.0640625 0.0734375 0.0765625
0 0.57734375 0.046875 0.084375 0.08125
0 0.475 0.16015625 0.0703125 0.08125
3 0.48125 0.26640625 0.075 0.08125
3 0.6828125 0.0390625 0.078125 0.078125
5 0.28125 0.36875 0.0765625 0.08125
5 0.72265625 0.6390625 0.0734375 0.0828125
2 0.30859375 0.8640625 0.075 0.0828125
2 0.3859375 0.3640625 0.078125 0.0765625
1 0.80703125 0.2390625 0.075 0.08125
6 0.70859375 0.44296875 0.08125 0.0828125
6 0.0703125 0.38515625 0.0859375 0.0828125