12 0.5375 0.55546875 0.0921875 0.09375
8 0.2921875 0.2328125 0.1 0.103125
8 0.8078125 0.3546875 0.0921875 0.09375
11 0.4625 0.52890625 0.090625 0.0921875
11 0.75390625 0.4140625 0.0953125 0.09375
13 0.2765625 0.45859375 0.103125 0.103125
13 0.440625 0.72578125 0.0859375 0.0875
10 0.53984375 0.46015625 0.0953125 0.0953125
10 0.48125 0.60859375 0.0859375 0.0875
9 0.43046875 0.8046875 0.1 0.1046875
9 0.51171875 0.29296875 0.0984375 0.1
14 0.5046875 0.6828125 0.090625 0.0921875
14 0.390625 0.4984375 0.0921875 0.0921875
14 0.38203125 0.578125 0.09375 0.09375
14 0.5828125 0.25546875 0.0921875 0.096875
14 0.61875 0.40859375 0.0859375 0.090625
4 0.684375 0.37109375 0.090625 0.0921875
0 0.41484375 0.6484375 0.0875 0.0875
0 0.6265625 0.32109375 0.0921875 0.090625
3 0.42109375 0.33671875 0.1015625 0.1015625
3 0.68515625 0.4453125 0.103125 0.0984375
5 0.36875 0.75 0.0984375 0.096875
5 0.55703125 0.35859375 0.096875 0.0984375
2 0.67890625 0.26640625 0.103125 0.103125
2 0.73984375 0.3109375 0.096875 0.0984375
1 0.3703125 0.40390625 0.1 0.0984375
1 0.85234375 0.28125 0.1078125 0.103125
6 0.58671875 0.6515625 0.1015625 0.1015625
6 0.61796875 0.540625 0.103125 0.103125
6 0.4703125 0.40859375 0.09375 0.0921875
6 0.3359375 0.6375 0.0984375 0.0953125
6 0.5390625 0.16640625 0.1015625 0.1015625