12 0.43671875 0.52109375 0.0734375 0.078125
8 0.8265625 0.41171875 0.0796875 0.0859375
8 0.34140625 0.1984375 0.075 0.0765625
11 0.5125 0.5453125 0.0734375 0.0765625
11 0.34921875 0.278125 0.0796875 0.075
13 0.703125 0.6015625 0.084375 0.084375
13 0.4109375 0.715625 0.0703125 0.071875
10 0.4921875 0.44375 0.0765625 0.078125
10 0.44921875 0.59765625 0.06875 0.071875
9 0.371875 0.78515625 0.0765625 0.090625
9 0.61484375 0.32734375 0.078125 0.084375
14 0.38671875 0.64375 0.071875 0.078125
14 0.58828125 0.5640625 0.075 0.075
14 0.54765625 0.63359375 0.075 0.078125
14 0.58125 0.2546875 0.071875 0.0828125
14 0.46015625 0.35546875 0.0671875 0.0765625
4 0.43046875 0.2859375 0.071875 0.0765625
0 0.478125 0.66953125 0.071875 0.071875
0 0.50625 0.28125 0.078125 0.071875
3 0.66171875 0.41640625 0.0828125 0.08125
3 0.38515625 0.3453125 0.0875 0.0765625
5 0.4546875 0.77890625 0.08125 0.078125
5 0.5390625 0.353125 0.0765625 0.08125
2 0.49765625 0.20546875 0.084375 0.084375
2 0.421875 0.2046875 0.078125 0.08125
1 0.6609375 0.50078125 0.0828125 0.0796875
1 0.35078125 0.11328125 0.090625 0.08125
6 0.33984375 0.56953125 0.08125 0.0828125
6 0.38125 0.4609375 0.0828125 0.0828125
6 0.578125 0.4453125 0.078125 0.0734375
6 0.5484375 0.709375 0.0828125 0.0765625
6 0.66953125 0.21015625 0.08125 0.0828125