12 0.7421875 0.6484375 0.0734375 0.075
8 0.275 0.53984375 0.075 0.071875
8 0.440625 0.6375 0.0796875 0.0796875
11 0.3328125 0.721875 0.0796875 0.0796875
11 0.69296875 0.228125 0.0796875 0.0796875
13 0.7671875 0.54140625 0.08125 0.0796875
13 0.875 0.6203125 0.078125 0.0765625
10 0.765625 0.446875 0.0796875 0.078125
10 0.45625 0.51484375 0.0796875 0.0796875
9 0.66328125 0.84921875 0.0796875 0.0796875
9 0.22109375 0.20625 0.0828125 0.084375
14 0.5 0.06875 0.075 0.075
14 0.56484375 0.2890625 0.075 0.0765625
14 0.74609375 0.353125 0.0765625 0.075
14 0.75859375 0.76875 0.078125 0.075
14 0.38984375 0.78046875 0.075 0.075
4 0.64140625 0.4796875 0.0765625 0.075
0 0.4875 0.83828125 0.075 0.075
0 0.35078125 0.43359375 0.071875 0.075
3 0.51875 0.71484375 0.078125 0.078125
3 0.5453125 0.39765625 0.0796875 0.0828125
5 0.56484375 0.55703125 0.0703125 0.071875
5 0.3203125 0.6265625 0.075 0.0765625
2 0.19453125 0.42734375 0.06875 0.0734375
2 0.64921875 0.59453125 0.075 0.075
1 0.62890625 0.71015625 0.071875 0.071875
1 0.61953125 0.13046875 0.0734375 0.0734375
6 0.40234375 0.16875 0.0765625 0.0765625
6 0.4984375 0.1953125 0.08125 0.0859375
6 0.428125 0.30078125 0.078125 0.08125
6 0.31484375 0.27578125 0.078125 0.08125
6 0.18359375 0.32265625 0.078125 0.078125