12 0.5328125 0.34921875 0.071875 0.0703125
8 0.26484375 0.203125 0.071875 0.0703125
8 0.8015625 0.47109375 0.0796875 0.0765625
11 0.3671875 0.14296875 0.0671875 0.0734375
11 0.43984375 0.584375 0.065625 0.0734375
13 0.55625 0.56796875 0.0609375 0.0609375
13 0.58359375 0.48671875 0.0625 0.065625
10 0.659375 0.50234375 0.0671875 0.0671875
10 0.33359375 0.58828125 0.065625 0.065625
9 0.80390625 0.3390625 0.065625 0.0734375
9 0.16796875 0.5375 0.075 0.075
14 0.8703125 0.38203125 0.0671875 0.06875
14 0.55703125 0.1203125 0.06875 0.0734375
14 0.384375 0.234375 0.071875 0.0703125
14 0.26171875 0.4390625 0.06875 0.0703125
14 0.6375 0.578125 0.06875 0.071875
4 0.71875 0.63984375 0.065625 0.0671875
0 0.36796875 0.66015625 0.06875 0.06875
0 0.26328125 0.32734375 0.071875 0.0734375
3 0.51953125 0.27265625 0.06875 0.06875
3 0.46015625 0.31796875 0.0703125 0.0703125
5 0.4984375 0.51171875 0.0625 0.065625
5 0.46484375 0.16171875 0.0671875 0.071875
2 0.440625 0.403125 0.0703125 0.0703125
2 0.2984375 0.51484375 0.0703125 0.071875
1 0.37734375 0.51953125 0.06875 0.06875
1 0.67890625 0.71328125 0.0671875 0.0734375
6 0.72890625 0.340625 0.071875 0.0765625
6 0.59140625 0.39921875 0.071875 0.0671875
6 0.51640625 0.4265625 0.065625 0.06875
6 0.42890625 0.7078125 0.0734375 0.06875
6 0.60703125 0.6484375 0.0703125 0.075