12 0.44375 0.7421875 0.0734375 0.08125
8 0.278125 0.665625 0.084375 0.0765625
8 0.8265625 0.42109375 0.084375 0.09375
11 0.61796875 0.859375 0.075 0.084375
11 0.30234375 0.28828125 0.084375 0.0796875
13 0.73203125 0.4171875 0.075 0.0765625
13 0.30234375 0.48203125 0.08125 0.078125
10 0.409375 0.275 0.0828125 0.0765625
10 0.55390625 0.68828125 0.084375 0.08125
9 0.7453125 0.703125 0.0875 0.0828125
9 0.35390625 0.72578125 0.0765625 0.078125
14 0.56640625 0.58359375 0.0734375 0.078125
14 0.3984375 0.54765625 0.08125 0.078125
14 0.6390625 0.36796875 0.078125 0.078125
14 0.70234375 0.2703125 0.08125 0.0828125
14 0.26484375 0.75703125 0.075 0.0796875
4 0.49296875 0.48203125 0.0859375 0.084375
0 0.60390625 0.1390625 0.0828125 0.084375
0 0.47734375 0.19921875 0.078125 0.078125
3 0.35 0.82109375 0.075 0.0828125
3 0.53125 0.8234375 0.075 0.0875
5 0.43984375 0.834375 0.078125 0.0859375
5 0.6140625 0.45703125 0.078125 0.0796875
2 0.59296875 0.26328125 0.0875 0.078125
2 0.5078125 0.1078125 0.0875 0.084375
1 0.378125 0.15703125 0.0828125 0.078125
1 0.41484375 0.3734375 0.08125 0.090625
6 0.68359375 0.60234375 0.0828125 0.0796875
6 0.7265625 0.50703125 0.0828125 0.0765625
6 0.53515625 0.40234375 0.0828125 0.084375
6 0.3234375 0.3859375 0.084375 0.084375
6 0.4 0.63984375 0.084375 0.0796875