4 0.2859375 0.61953125 0.1359375 0.140625
0 0.41484375 0.5875 0.1375 0.14375
0 0.553125 0.546875 0.153125 0.15
3 0.221875 0.35234375 0.13125 0.128125
3 0.25078125 0.4828125 0.1375 0.1375
5 0.378125 0.4453125 0.1359375 0.1390625
5 0.34453125 0.30546875 0.1359375 0.1328125
2 0.62109375 0.196875 0.1578125 0.1453125
2 0.665625 0.34921875 0.1609375 0.1625
1 0.4765625 0.25546875 0.1421875 0.146875
1 0.51640625 0.4 0.1515625 0.146875
6 0.7109375 0.50234375 0.1625 0.1640625
6 0.76171875 0.6609375 0.175 0.1703125
6 0.59765625 0.696875 0.1703125 0.1625
6 0.45 0.7328125 0.1453125 0.1453125
6 0.3171875 0.7609375 0.1390625 0.1453125