12 0.46640625 0.721875 0.059375 0.0640625
8 0.35546875 0.6203125 0.0609375 0.0671875
8 0.78984375 0.375 0.0625 0.0609375
11 0.55703125 0.54375 0.0578125 0.0640625
11 0.38984375 0.3515625 0.059375 0.059375
13 0.5765625 0.68984375 0.0578125 0.059375
13 0.4625 0.2234375 0.065625 0.0640625
10 0.21796875 0.7203125 0.065625 0.0640625
10 0.36171875 0.54921875 0.0609375 0.065625
9 0.59140625 0.178125 0.065625 0.0671875
9 0.35390625 0.13359375 0.05625 0.059375
14 0.45390625 0.47109375 0.0625 0.059375
14 0.478125 0.37109375 0.0578125 0.0625
14 0.6421875 0.36015625 0.065625 0.0671875
14 0.7109375 0.26328125 0.06875 0.065625
14 0.4703125 0.10625 0.06875 0.0640625
4 0.20625 0.5640625 0.059375 0.059375
0 0.34140625 0.45 0.0609375 0.065625
0 0.4734375 0.55625 0.0609375 0.0640625
3 0.6328125 0.5359375 0.0546875 0.0578125
3 0.36328125 0.725 0.0578125 0.059375
5 0.69453125 0.65390625 0.0703125 0.06875
5 0.3015625 0.5921875 0.0609375 0.06875
2 0.2953125 0.82421875 0.065625 0.065625
2 0.2859375 0.409375 0.0734375 0.0703125
1 0.54453125 0.39296875 0.0671875 0.0640625
1 0.16171875 0.81328125 0.0640625 0.0671875
6 0.67109375 0.825 0.0734375 0.0671875
6 0.5046875 0.78828125 0.0671875 0.065625
6 0.7359375 0.50859375 0.0609375 0.0640625
6 0.62109375 0.4484375 0.065625 0.0609375
6 0.24296875 0.221875 0.059375 0.0640625