12 0.33828125 0.4390625 0.05625 0.0578125
8 0.340625 0.6 0.0578125 0.0515625
8 0.51328125 0.8578125 0.05625 0.0625
11 0.7875 0.5125 0.059375 0.0578125
11 0.52109375 0.271875 0.0515625 0.0578125
13 0.6859375 0.69140625 0.05625 0.059375
13 0.56796875 0.69140625 0.0546875 0.059375
10 0.525 0.584375 0.0578125 0.0578125
10 0.24296875 0.64921875 0.0640625 0.0609375
9 0.246875 0.40703125 0.0625 0.059375
9 0.78125 0.63671875 0.059375 0.0609375
14 0.3734375 0.84375 0.0609375 0.0578125
14 0.32578125 0.7265625 0.0578125 0.0578125
14 0.2484375 0.53203125 0.065625 0.0609375
14 0.66015625 0.60390625 0.05625 0.0609375
14 0.40703125 0.50546875 0.05625 0.0546875
4 0.7703125 0.39921875 0.0546875 0.0640625
0 0.678125 0.20703125 0.05625 0.0609375
0 0.5890625 0.38984375 0.0578125 0.0578125
3 0.64296875 0.81796875 0.0578125 0.0609375
3 0.45078125 0.7375 0.059375 0.0578125
5 0.3390625 0.284375 0.0578125 0.059375
5 0.675 0.31640625 0.05625 0.0578125
2 0.659375 0.47421875 0.0546875 0.059375
2 0.45078125 0.38203125 0.065625 0.059375
1 0.4484375 0.17265625 0.0546875 0.0578125
1 0.22890625 0.79296875 0.0625 0.0578125
6 0.28125 0.17890625 0.065625 0.0578125
6 0.55625 0.15703125 0.0578125 0.05625
6 0.775 0.27265625 0.0546875 0.059375
6 0.52734375 0.46875 0.0546875 0.05625
6 0.43125 0.63125 0.05625 0.0609375