12 0.80546875 0.6625 0.0515625 0.046875
8 0.8171875 0.57265625 0.0515625 0.0546875
8 0.14375 0.43828125 0.0515625 0.0515625
11 0.44453125 0.503125 0.0515625 0.0515625
11 0.84375 0.503125 0.0546875 0.0515625
13 0.2796875 0.62421875 0.05625 0.05625
13 0.3734375 0.4765625 0.0546875 0.0546875
10 0.61796875 0.4921875 0.0515625 0.05625
10 0.7109375 0.440625 0.05625 0.0609375
9 0.8265625 0.41796875 0.059375 0.0515625
9 0.58125 0.6984375 0.0578125 0.0546875
14 0.865625 0.33671875 0.05625 0.059375
14 0.61796875 0.59296875 0.059375 0.0625
14 0.57578125 0.7890625 0.0578125 0.059375
14 0.35625 0.678125 0.059375 0.05625
14 0.32109375 0.5578125 0.0609375 0.0578125
4 0.3140625 0.40859375 0.0515625 0.059375
0 0.35859375 0.353125 0.0578125 0.05625
0 0.4390625 0.78046875 0.0578125 0.0578125
3 0.3796875 0.25703125 0.0546875 0.0578125
3 0.74453125 0.534375 0.0546875 0.0625
5 0.45859375 0.671875 0.0546875 0.0515625
5 0.5515625 0.253125 0.0578125 0.0625
2 0.53828125 0.50078125 0.0546875 0.0578125
2 0.19296875 0.6640625 0.065625 0.0609375
1 0.51875 0.41875 0.046875 0.0546875
1 0.63671875 0.23671875 0.0546875 0.05625
6 0.453125 0.36953125 0.05 0.059375
6 0.7171875 0.3578125 0.059375 0.0625
6 0.60859375 0.40390625 0.0546875 0.0625
6 0.38984375 0.60546875 0.0578125 0.0578125
6 0.70390625 0.6921875 0.0484375 0.0546875