12 0.71875 0.46875 0.0484375 0.0515625
8 0.23984375 0.2359375 0.0515625 0.0546875
8 0.4171875 0.48046875 0.05 0.0453125
11 0.3171875 0.68828125 0.0484375 0.0484375
11 0.26875 0.8078125 0.0546875 0.0546875
13 0.40078125 0.72109375 0.046875 0.05
13 0.42890625 0.31171875 0.05 0.05625
10 0.525 0.26875 0.05 0.0546875
10 0.6015625 0.48359375 0.0515625 0.0515625
9 0.359375 0.85703125 0.0515625 0.0546875
9 0.30703125 0.5671875 0.0515625 0.05625
14 0.6234375 0.16875 0.0546875 0.0546875
14 0.21953125 0.646875 0.05 0.0515625
14 0.603125 0.5765625 0.0484375 0.05625
14 0.78515625 0.76171875 0.046875 0.059375
14 0.6375 0.33671875 0.0515625 0.05625
4 0.28828125 0.36484375 0.046875 0.0546875
0 0.51640625 0.15546875 0.0515625 0.05625
0 0.49765625 0.39453125 0.05 0.0546875
3 0.5421875 0.709375 0.0515625 0.05625
3 0.75234375 0.35390625 0.0546875 0.0546875
5 0.24609375 0.109375 0.0578125 0.05625
5 0.496875 0.88125 0.0515625 0.0546875
2 0.3953125 0.6078125 0.05625 0.0515625
2 0.69609375 0.6421875 0.059375 0.05625
1 0.65703125 0.809375 0.059375 0.0546875
1 0.28671875 0.48046875 0.0546875 0.0515625
6 0.37734375 0.19375 0.059375 0.0578125
6 0.7375 0.1796875 0.05 0.05625
6 0.67734375 0.25390625 0.05 0.0546875
6 0.16328125 0.37265625 0.0515625 0.0515625
6 0.5046875 0.56875 0.0484375 0.0515625