12 0.63984375 0.28359375 0.0578125 0.0609375
8 0.2203125 0.79140625 0.05625 0.05
8 0.7609375 0.43359375 0.0578125 0.0578125
11 0.85625 0.5125 0.0515625 0.0578125
11 0.51171875 0.34609375 0.0515625 0.05625
13 0.28125 0.59140625 0.05625 0.0625
13 0.4875 0.51171875 0.05 0.05625
10 0.51015625 0.74921875 0.0515625 0.0578125
10 0.5671875 0.45 0.0484375 0.0546875
9 0.63671875 0.59609375 0.05 0.05625
9 0.1421875 0.6328125 0.059375 0.0609375
14 0.80546875 0.6890625 0.05625 0.0546875
14 0.65859375 0.38515625 0.05625 0.0546875
14 0.5203125 0.6265625 0.05 0.0546875
14 0.3359375 0.515625 0.0578125 0.0546875
14 0.175 0.35078125 0.05625 0.0578125
4 0.6765625 0.48828125 0.059375 0.0625
0 0.4625 0.28359375 0.05625 0.0609375
0 0.18046875 0.73828125 0.0578125 0.059375
3 0.75625 0.540625 0.05625 0.0625
3 0.42421875 0.54765625 0.05 0.059375
5 0.3921875 0.6921875 0.059375 0.05
5 0.39296875 0.3203125 0.0546875 0.059375
2 0.59296875 0.5171875 0.05625 0.0546875
2 0.290625 0.6859375 0.059375 0.059375
1 0.8265625 0.60625 0.059375 0.05625
1 0.37421875 0.43515625 0.05625 0.0578125
6 0.1734375 0.4296875 0.059375 0.0484375
6 0.75390625 0.3296875 0.0546875 0.059375
6 0.825 0.42421875 0.0484375 0.0609375
6 0.59140625 0.75234375 0.059375 0.0609375
6 0.35625 0.834375 0.05625 0.0578125