12 0.6 0.2625 0.0671875 0.0703125
8 0.275 0.83515625 0.0640625 0.059375
8 0.7453125 0.3890625 0.0671875 0.0671875
11 0.853125 0.45078125 0.0609375 0.065625
11 0.48515625 0.34609375 0.0609375 0.0640625
13 0.30078125 0.628125 0.065625 0.071875
13 0.48984375 0.5140625 0.059375 0.0640625
10 0.553125 0.74375 0.0609375 0.065625
10 0.5578125 0.4390625 0.0578125 0.0625
9 0.6515625 0.57109375 0.059375 0.0640625
9 0.1703125 0.69296875 0.06875 0.0703125
14 0.83359375 0.6328125 0.065625 0.0640625
14 0.6359375 0.359375 0.065625 0.0640625
14 0.5421875 0.62109375 0.059375 0.0625
14 0.34140625 0.54375 0.0671875 0.0640625
14 0.15390625 0.409375 0.065625 0.0671875
4 0.671875 0.4578125 0.06875 0.071875
0 0.42578125 0.29375 0.065625 0.0703125
0 0.2265625 0.78984375 0.0671875 0.06875
3 0.759375 0.4953125 0.065625 0.071875
3 0.43359375 0.56015625 0.059375 0.0671875
5 0.42734375 0.7078125 0.0671875 0.059375
5 0.36328125 0.34140625 0.0640625 0.06875
2 0.59453125 0.50078125 0.065625 0.0640625
2 0.32578125 0.71953125 0.06875 0.06875
1 0.83984375 0.54765625 0.06875 0.065625
1 0.36484375 0.4578125 0.065625 0.0671875
6 0.16640625 0.4875 0.0671875 0.0578125
6 0.7203125 0.28828125 0.0640625 0.06875
6 0.80703125 0.36875 0.0578125 0.06875
6 0.63359375 0.7328125 0.06875 0.0703125
6 0.41640625 0.85390625 0.065625 0.0671875