12 0.63984375 0.53515625 0.075 0.0734375
8 0.19921875 0.6625 0.08125 0.0828125
8 0.521875 0.29375 0.0734375 0.075
11 0.31484375 0.3859375 0.0828125 0.0796875
11 0.578125 0.5078125 0.078125 0.0765625
13 0.62578125 0.64140625 0.071875 0.071875
13 0.54296875 0.6796875 0.0703125 0.0734375
10 0.5171875 0.61796875 0.0734375 0.071875
10 0.45625 0.37265625 0.08125 0.0796875
9 0.70859375 0.4671875 0.0796875 0.078125
9 0.58984375 0.5765625 0.071875 0.0703125
14 0.61640625 0.70703125 0.0734375 0.0734375
14 0.3203125 0.54140625 0.0765625 0.0765625
14 0.27734375 0.69296875 0.0796875 0.0765625
14 0.6484375 0.33828125 0.078125 0.078125
14 0.63671875 0.4578125 0.0796875 0.078125
4 0.6875 0.28203125 0.08125 0.0875
0 0.51015625 0.096875 0.0859375 0.0875
0 0.48984375 0.79765625 0.0796875 0.08125
3 0.40546875 0.446875 0.0796875 0.0765625
3 0.26171875 0.4796875 0.08125 0.078125
5 0.38359375 0.640625 0.08125 0.0796875
5 0.61328125 0.2171875 0.0828125 0.0828125
2 0.45859375 0.2859375 0.08125 0.08125
2 0.521875 0.55234375 0.0796875 0.0828125
1 0.25625 0.75625 0.084375 0.0859375
1 0.39375 0.27421875 0.0859375 0.0859375
6 0.5609375 0.92109375 0.08125 0.0796875
6 0.48203125 0.20703125 0.0921875 0.0859375
6 0.66171875 0.4015625 0.08125 0.0796875
6 0.378125 0.5734375 0.078125 0.0734375
6 0.4765625 0.66484375 0.078125 0.0765625