7 0.08203125 0.06328125 0.0625 0.0609375
7 0.1859375 0.05703125 0.0484375 0.0625
7 0.290625 0.05546875 0.0453125 0.0625
7 0.50078125 0.0546875 0.0609375 0.0671875
7 0.603125 0.0546875 0.0625 0.0609375
7 0.81171875 0.059375 0.0625 0.0640625
7 0.9140625 0.0546875 0.0671875 0.0703125
7 0.0859375 0.1546875 0.0546875 0.0546875
7 0.190625 0.15625 0.05 0.05
7 0.28984375 0.15625 0.0578125 0.0640625
7 0.39453125 0.1546875 0.0546875 0.0609375
7 0.60390625 0.153125 0.05 0.0640625
7 0.71484375 0.15859375 0.0609375 0.059375
7 0.8140625 0.1546875 0.059375 0.0609375
7 0.915625 0.15546875 0.0609375 0.065625
7 0.0828125 0.25078125 0.05 0.0609375
7 0.1859375 0.25390625 0.071875 0.0640625
7 0.29375 0.25703125 0.05625 0.0578125
7 0.396875 0.2546875 0.05625 0.05625
7 0.6046875 0.25234375 0.059375 0.0578125
7 0.70859375 0.253125 0.0546875 0.059375
7 0.81484375 0.253125 0.0671875 0.0625
7 0.91640625 0.253125 0.05625 0.05625
7 0.18515625 0.353125 0.0609375 0.0625
7 0.28828125 0.353125 0.0671875 0.065625
7 0.39296875 0.35078125 0.05 0.0609375
7 0.49921875 0.35625 0.0609375 0.059375
7 0.7109375 0.34765625 0.06875 0.065625
7 0.81328125 0.3546875 0.0609375 0.0625
7 0.915625 0.35546875 0.0546875 0.0609375
7 0.08359375 0.45078125 0.05625 0.059375
7 0.1859375 0.44921875 0.071875 0.0625
7 0.296875 0.4484375 0.0609375 0.0578125
7 0.3984375 0.44921875 0.059375 0.0625
7 0.496875 0.45234375 0.065625 0.05625
7 0.6046875 0.44921875 0.059375 0.05625
7 0.8109375 0.446875 0.0671875 0.0609375
7 0.9171875 0.44765625 0.0578125 0.059375
7 0.0796875 0.55546875 0.05625 0.05625
7 0.18984375 0.55703125 0.0515625 0.0484375
7 0.29140625 0.553125 0.0578125 0.0578125
7 0.40078125 0.5515625 0.046875 0.0578125
7 0.5015625 0.55078125 0.0625 0.0625
7 0.6046875 0.55234375 0.059375 0.059375
7 0.70859375 0.5484375 0.0578125 0.0609375
7 0.81484375 0.553125 0.0578125 0.05
7 0.91484375 0.54921875 0.059375 0.0625
7 0.1859375 0.64375 0.059375 0.059375
7 0.29765625 0.6453125 0.065625 0.059375
7 0.39296875 0.64453125 0.0703125 0.0640625
7 0.6046875 0.64921875 0.059375 0.0578125
7 0.709375 0.65 0.059375 0.0515625
7 0.809375 0.64375 0.0609375 0.059375
7 0.0828125 0.7453125 0.0546875 0.0515625
7 0.1859375 0.74375 0.0625 0.0625
7 0.39453125 0.740625 0.0609375 0.0609375
7 0.60234375 0.74375 0.05 0.0625
7 0.7109375 0.74765625 0.059375 0.0609375
7 0.8140625 0.746875 0.059375 0.0625
7 0.915625 0.746875 0.0546875 0.065625
7 0.0828125 0.8421875 0.0578125 0.0640625
7 0.1859375 0.83828125 0.059375 0.065625
7 0.29296875 0.83984375 0.05 0.0625
7 0.496875 0.8421875 0.06875 0.0640625
7 0.81171875 0.84609375 0.06875 0.059375
7 0.91484375 0.84375 0.065625 0.0640625
7 0.0796875 0.94140625 0.05625 0.0515625
7 0.39296875 0.94296875 0.0640625 0.0625
7 0.709375 0.9484375 0.06875 0.0671875
7 0.8140625 0.94453125 0.071875 0.071875
7 0.915625 0.94296875 0.0546875 0.065625
12 0.49921875 0.753125 0.0671875 0.075
8 0.6046875 0.9546875 0.071875 0.0765625
11 0.2890625 0.95078125 0.071875 0.071875
13 0.60546875 0.84765625 0.0703125 0.075
10 0.17265625 0.94765625 0.0703125 0.071875
10 0.61171875 0.359375 0.0703125 0.075
14 0.075 0.65390625 0.071875 0.071875
14 0.49609375 0.6546875 0.0703125 0.0765625
14 0.9203125 0.65390625 0.071875 0.071875
13 0.39609375 0.84765625 0.0734375 0.06875
4 0.39296875 0.05546875 0.0734375 0.078125
0 0.50078125 0.15859375 0.0703125 0.071875
3 0.7140625 0.0484375 0.06875 0.0765625
3 0.5 0.26171875 0.071875 0.078125
5 0.28671875 0.7515625 0.0671875 0.078125
5 0.7140625 0.85234375 0.075 0.0734375
2 0.49921875 0.9578125 0.0734375 0.06875
6 0.71328125 0.46015625 0.0671875 0.0765625
6 0.08359375 0.35390625 0.078125 0.0765625