11 0.5203125 0.04453125 0.125 0.0890625
13 0.153125 0.30078125 0.125 0.125
13 0.425 0.61328125 0.125 0.125
6 0.3640625 0.50625 0.125 0.125
6 0.2921875 0.38671875 0.125 0.125
6 0.309375 0.25625 0.125 0.125
8 0.60625 0.5265625 0.125 0.125
8 0.74453125 0.2703125 0.125 0.125
0 0.52421875 0.47265625 0.125 0.125
0 0.66796875 0.45390625 0.125 0.125
1 0.80078125 0.42265625 0.125 0.125
1 0.625 0.9390625 0.125 0.121875
6 0.7 0.81796875 0.125 0.125
14 0.83671875 0.65859375 0.125 0.125
14 0.47578125 0.8375 0.125 0.125
14 0.315625 0.84140625 0.125 0.125
14 0.28046875 0.64765625 0.125 0.125
14 0.1390625 0.43671875 0.125 0.125
3 0.45078125 0.3515625 0.125 0.125
6 0.4546875 0.2046875 0.125 0.125
10 0.5953125 0.240625 0.125 0.125
10 0.475 0.96328125 0.125 0.0734375
2 0.51171875 0.71015625 0.125 0.125
2 0.67265625 0.7015625 0.125 0.125
4 0.63046875 0.603125 0.125 0.125
9 0.94765625 0.74375 0.1046875 0.125
9 0.80234375 0.53125 0.125 0.125
5 0.79375 0.76875 0.125 0.125
5 0.57265625 0.36640625 0.125 0.125
12 0.4390625 0.10859375 0.125 0.125
11 0.04609375 0.259375 0.0921875 0.125
3 0.19375 0.546875 0.1109375 0.109375