12 0.5875 0.7984375 0.05 0.0546875
8 0.37265625 0.4328125 0.0515625 0.0484375
8 0.48203125 0.59296875 0.0484375 0.0484375
11 0.64921875 0.121875 0.0578125 0.0609375
11 0.4109375 0.5390625 0.0578125 0.059375
13 0.7453125 0.4984375 0.0515625 0.05625
13 0.5765625 0.40859375 0.0484375 0.05625
10 0.62734375 0.259375 0.0515625 0.05
10 0.51640625 0.30703125 0.0515625 0.0515625
9 0.671875 0.8984375 0.05625 0.05625
9 0.2359375 0.59140625 0.0578125 0.059375
14 0.36328125 0.7671875 0.05 0.0578125
14 0.46953125 0.72734375 0.05 0.05625
14 0.3875 0.640625 0.05625 0.0515625
14 0.62890625 0.6578125 0.05625 0.0578125
14 0.26875 0.50703125 0.0546875 0.0578125
4 0.73984375 0.31484375 0.0484375 0.0578125
0 0.73359375 0.64609375 0.0484375 0.0546875
0 0.7484375 0.76953125 0.05625 0.05625
3 0.52734375 0.5328125 0.05 0.0515625
3 0.62734375 0.51875 0.0515625 0.0546875
5 0.30546875 0.3 0.0484375 0.0546875
5 0.48046875 0.2109375 0.0515625 0.05625
2 0.23515625 0.17734375 0.0515625 0.0546875
2 0.24765625 0.725 0.0546875 0.0546875
1 0.28359375 0.875 0.0546875 0.05
1 0.215625 0.40625 0.0515625 0.0578125
6 0.340625 0.1921875 0.046875 0.05
6 0.42109375 0.30078125 0.046875 0.0515625
6 0.484375 0.4234375 0.05 0.0484375
6 0.66640625 0.41484375 0.0515625 0.05625
6 0.4359375 0.8734375 0.0515625 0.0546875