7 0.08671875 0.05390625 0.0609375 0.0578125
7 0.18828125 0.05625 0.0609375 0.0625
7 0.91796875 0.05546875 0.0546875 0.0609375
7 0.0859375 0.1484375 0.065625 0.065625
7 0.1875 0.15078125 0.059375 0.0609375
7 0.2890625 0.15078125 0.059375 0.0609375
7 0.39375 0.15234375 0.0625 0.0609375
7 0.49921875 0.15390625 0.0640625 0.0578125
7 0.60078125 0.15078125 0.0515625 0.0640625
7 0.70546875 0.15078125 0.0546875 0.0609375
7 0.81328125 0.1546875 0.0640625 0.065625
7 0.915625 0.153125 0.05625 0.065625
7 0.18828125 0.25 0.0671875 0.059375
7 0.38984375 0.24765625 0.0578125 0.0609375
7 0.6015625 0.25 0.053125 0.059375
7 0.81015625 0.25078125 0.0578125 0.0640625
7 0.9109375 0.25 0.059375 0.0625
7 0.184375 0.34609375 0.05625 0.0578125
7 0.3890625 0.34765625 0.05625 0.0609375
7 0.59765625 0.34921875 0.0578125 0.0609375
7 0.8109375 0.35 0.065625 0.0625
7 0.08046875 0.44453125 0.0515625 0.0515625
7 0.2859375 0.44140625 0.053125 0.0578125
7 0.38984375 0.44296875 0.0671875 0.0578125
7 0.496875 0.44453125 0.059375 0.0609375
7 0.596875 0.43671875 0.05625 0.0578125
7 0.70390625 0.44609375 0.0546875 0.0578125
7 0.80859375 0.44375 0.0546875 0.053125
7 0.91484375 0.44453125 0.0515625 0.0609375
7 0.08046875 0.54140625 0.0578125 0.0546875
7 0.1828125 0.54140625 0.053125 0.0484375
7 0.2875 0.5421875 0.05 0.053125
7 0.39375 0.54453125 0.05 0.0515625
7 0.49375 0.54296875 0.05625 0.0515625
7 0.59921875 0.5484375 0.0515625 0.05
7 0.80703125 0.54921875 0.0609375 0.0515625
7 0.90859375 0.5484375 0.0515625 0.05
7 0.1828125 0.63828125 0.05 0.0609375
7 0.38828125 0.640625 0.0515625 0.05625
7 0.59609375 0.6390625 0.0453125 0.05
7 0.70546875 0.64296875 0.0640625 0.0578125
7 0.80390625 0.640625 0.0578125 0.0625
7 0.0796875 0.73671875 0.059375 0.0609375
7 0.3890625 0.734375 0.053125 0.05625
7 0.59296875 0.73515625 0.0515625 0.0546875
7 0.9109375 0.7421875 0.053125 0.0625
7 0.08046875 0.83203125 0.0546875 0.0546875
7 0.184375 0.83203125 0.05625 0.0578125
7 0.28671875 0.83203125 0.0546875 0.0515625
7 0.38359375 0.8296875 0.0578125 0.05625
7 0.59296875 0.83671875 0.0609375 0.0609375
7 0.6984375 0.8390625 0.065625 0.059375
7 0.803125 0.8421875 0.06875 0.05625
7 0.90859375 0.840625 0.0578125 0.0625
7 0.08046875 0.9265625 0.0609375 0.05625
7 0.59140625 0.9296875 0.0546875 0.05625
7 0.70390625 0.93359375 0.0546875 0.0578125
7 0.90859375 0.93671875 0.0578125 0.0609375
12 0.5046875 0.92578125 0.06875 0.0671875
8 0.4078125 0.91953125 0.065625 0.0703125
8 0.48828125 0.828125 0.0671875 0.06875
11 0.496875 0.73671875 0.06875 0.0703125
11 0.2921875 0.91875 0.065625 0.06875
13 0.696875 0.7453125 0.06875 0.071875
13 0.29296875 0.746875 0.0734375 0.06875
10 0.81171875 0.94296875 0.0734375 0.0703125
10 0.17109375 0.921875 0.0671875 0.06875
9 0.82109375 0.74296875 0.0734375 0.0734375
9 0.18515625 0.73359375 0.0703125 0.0671875
14 0.09296875 0.64140625 0.0734375 0.0703125
14 0.29375 0.63828125 0.071875 0.0734375
14 0.50078125 0.64609375 0.0734375 0.0703125
14 0.70078125 0.54609375 0.0765625 0.0765625
14 0.91015625 0.6453125 0.0703125 0.078125
4 0.5015625 0.0578125 0.071875 0.08125
0 0.5984375 0.06171875 0.071875 0.0765625
0 0.3984375 0.06171875 0.075 0.0734375
3 0.70390625 0.06015625 0.0796875 0.0765625
3 0.2875 0.0640625 0.08125 0.078125
5 0.709375 0.24609375 0.071875 0.0734375
5 0.296875 0.24375 0.071875 0.075
2 0.84140625 0.0671875 0.0765625 0.075
2 0.18125 0.4390625 0.075 0.075
1 0.0796875 0.2421875 0.078125 0.078125
1 0.4953125 0.24296875 0.071875 0.0734375
6 0.08359375 0.3484375 0.0796875 0.075
6 0.28671875 0.3546875 0.0765625 0.078125
6 0.49375 0.35 0.075 0.075
6 0.7015625 0.35078125 0.078125 0.0765625
6 0.91171875 0.35 0.0734375 0.08125