12 0.428125 0.5265625 0.08125 0.08125
8 0.5640625 0.43828125 0.08125 0.08125
8 0.32890625 0.35703125 0.084375 0.0859375
11 0.76484375 0.64453125 0.0921875 0.0921875
11 0.5734375 0.7390625 0.090625 0.090625
13 0.51875 0.65234375 0.0796875 0.08125
13 0.4359375 0.25 0.078125 0.0796875
10 0.36953125 0.25390625 0.0859375 0.0859375
10 0.49296875 0.5484375 0.0796875 0.0796875
9 0.3984375 0.190625 0.09375 0.09375
9 0.3921875 0.37734375 0.08125 0.08125
14 0.55546875 0.2984375 0.084375 0.084375
14 0.49296875 0.34296875 0.0734375 0.0734375
14 0.40703125 0.58515625 0.0796875 0.0796875
14 0.66484375 0.4671875 0.084375 0.084375
14 0.3953125 0.44375 0.08125 0.08125
4 0.640625 0.38125 0.09375 0.09375
0 0.7265625 0.54296875 0.0859375 0.0859375
0 0.46953125 0.61171875 0.08125 0.0796875
3 0.71015625 0.60546875 0.084375 0.084375
3 0.42578125 0.31484375 0.0875 0.0859375
5 0.64140625 0.68515625 0.09375 0.09375
5 0.45625 0.46484375 0.08125 0.0796875
2 0.6609375 0.55390625 0.084375 0.084375
2 0.32890625 0.4265625 0.0875 0.0875
1 0.41015625 0.66640625 0.0859375 0.0859375
1 0.5546875 0.59765625 0.0875 0.0875
6 0.446875 0.72265625 0.084375 0.0859375
6 0.51015625 0.71796875 0.0859375 0.0859375
6 0.49921875 0.25625 0.0890625 0.0890625
6 0.5515625 0.36875 0.084375 0.084375
6 0.49453125 0.40859375 0.0859375 0.0859375