12 0.23828125 0.72578125 0.0796875 0.0796875
8 0.484375 0.55390625 0.078125 0.078125
8 0.3859375 0.1984375 0.08125 0.0796875
11 0.43203125 0.13125 0.08125 0.08125
11 0.2015625 0.3703125 0.0703125 0.0703125
13 0.06953125 0.6390625 0.0734375 0.0734375
13 0.30234375 0.4375 0.0828125 0.084375
10 0.52265625 0.76640625 0.078125 0.078125
10 0.275 0.26484375 0.0796875 0.0796875
9 0.69296875 0.74765625 0.0859375 0.084375
9 0.7078125 0.44140625 0.084375 0.0828125
14 0.503125 0.2421875 0.08125 0.08125
14 0.40234375 0.32578125 0.0796875 0.08125
14 0.41171875 0.7375 0.0859375 0.0875
14 0.76875 0.62578125 0.0859375 0.0859375
14 0.55234375 0.48359375 0.0859375 0.0859375
4 0.503125 0.384375 0.0828125 0.0828125
0 0.171875 0.47734375 0.08125 0.0796875
0 0.2453125 0.58984375 0.0765625 0.075
3 0.3765625 0.58359375 0.08125 0.08125
3 0.7046875 0.1734375 0.08125 0.0828125
5 0.696875 0.553125 0.0828125 0.08125
5 0.4140625 0.86171875 0.0796875 0.0796875
2 0.6234375 0.63125 0.0875 0.0859375
2 0.81328125 0.4859375 0.0828125 0.0859375
1 0.48203125 0.0359375 0.0890625 0.071875
1 0.596875 0.8859375 0.0875 0.0875
6 0.85234375 0.371875 0.0828125 0.084375
6 0.3984375 0.47890625 0.0875 0.0875
6 0.528125 0.66796875 0.0828125 0.08125
6 0.08046875 0.51484375 0.0828125 0.08125
6 0.49296875 0.94296875 0.084375 0.084375