10 0.6875 0.07421875 0.084375 0.0765625
9 0.5078125 0.05078125 0.071875 0.06875
6 0.38203125 0.07734375 0.0734375 0.0734375
6 0.403125 0.2671875 0.084375 0.084375
6 0.48984375 0.3375 0.0765625 0.0625
6 0.6671875 0.22578125 0.065625 0.0765625
13 0.75859375 0.32421875 0.0765625 0.096875
13 0.63203125 0.3859375 0.0890625 0.0765625
14 0.5453125 0.17265625 0.0734375 0.0734375
14 0.4125 0.46328125 0.0671875 0.0671875
14 0.453125 0.615625 0.0640625 0.0671875
14 0.590625 0.59609375 0.0734375 0.0765625
14 0.81796875 0.58828125 0.0875 0.065625
3 0.3171875 0.1703125 0.08125 0.078125
3 0.51171875 0.91171875 0.0734375 0.0765625
2 0.68984375 0.8125 0.0671875 0.0609375
2 0.54765625 0.48359375 0.0765625 0.06875
1 0.7109375 0.93203125 0.0921875 0.0859375
1 0.37578125 0.93984375 0.0859375 0.09375
9 0.23359375 0.88359375 0.078125 0.0765625
4 0.29921875 0.3796875 0.0703125 0.0796875
8 0.33515625 0.8015625 0.0765625 0.065625
8 0.36875 0.56484375 0.084375 0.0703125
11 0.30625 0.4796875 0.0765625 0.078125
11 0.7328125 0.459375 0.0921875 0.08125
6 0.2359375 0.27421875 0.084375 0.084375
10 0.25078125 0.66796875 0.0625 0.075
12 0.5859375 0.69609375 0.0796875 0.0625
0 0.42890625 0.73359375 0.078125 0.08125
0 0.7578125 0.71015625 0.08125 0.0734375
5 0.70546875 0.56171875 0.0765625 0.0890625
5 0.21015625 0.53046875 0.0703125 0.084375