12 0.6375 0.34921875 0.059375 0.0671875
8 0.6203125 0.42734375 0.0546875 0.0671875
8 0.49296875 0.52421875 0.0578125 0.065625
11 0.47734375 0.71015625 0.059375 0.0609375
11 0.5453125 0.58359375 0.0578125 0.059375
13 0.75546875 0.478125 0.0578125 0.0609375
13 0.33671875 0.50546875 0.059375 0.0609375
10 0.23203125 0.38671875 0.071875 0.0703125
10 0.67421875 0.4875 0.0578125 0.0609375
9 0.803125 0.540625 0.0640625 0.065625
9 0.52421875 0.3546875 0.065625 0.06875
14 0.55625 0.48046875 0.0546875 0.059375
14 0.615625 0.53828125 0.0484375 0.0609375
14 0.5546875 0.73828125 0.0546875 0.0625
14 0.2875 0.659375 0.065625 0.0640625
14 0.42109375 0.571875 0.0640625 0.065625
4 0.39765625 0.6546875 0.0671875 0.0703125
0 0.4765625 0.6265625 0.0640625 0.0640625
0 0.65625 0.68125 0.0609375 0.065625
3 0.578125 0.66015625 0.059375 0.065625
3 0.5921875 0.28046875 0.0765625 0.0671875
5 0.25390625 0.55546875 0.0671875 0.0625
5 0.3421875 0.59375 0.0578125 0.0640625
2 0.2609375 0.47109375 0.0609375 0.0640625
2 0.49609375 0.43671875 0.0640625 0.0640625
1 0.32109375 0.40859375 0.0671875 0.071875
1 0.415625 0.48828125 0.0640625 0.075
6 0.44375 0.36484375 0.0671875 0.0734375
6 0.6953125 0.40859375 0.0671875 0.065625
6 0.66171875 0.6 0.0625 0.06875
6 0.7296875 0.65234375 0.0734375 0.075
6 0.63046875 0.7625 0.071875 0.0703125