12 0.4 0.321875 0.0734375 0.078125
8 0.39921875 0.40234375 0.06875 0.078125
8 0.5015625 0.525 0.0703125 0.0765625
11 0.475 0.71015625 0.071875 0.0734375
11 0.43671875 0.57109375 0.0703125 0.0703125
13 0.25625 0.42109375 0.0703125 0.071875
13 0.6578125 0.5421875 0.071875 0.0734375
10 0.78671875 0.45 0.0859375 0.084375
10 0.3328125 0.4484375 0.0703125 0.071875
9 0.1953125 0.47109375 0.0765625 0.078125
9 0.509375 0.353125 0.0796875 0.08125
14 0.44921875 0.46796875 0.0671875 0.0703125
14 0.37890625 0.5109375 0.0609375 0.0703125
14 0.39296875 0.71953125 0.0671875 0.0734375
14 0.67109375 0.703125 0.078125 0.0765625
14 0.5609375 0.5875 0.0765625 0.078125
4 0.56484375 0.6734375 0.08125 0.084375
0 0.49453125 0.62890625 0.0765625 0.0765625
0 0.30703125 0.64140625 0.0734375 0.078125
3 0.3875 0.63828125 0.071875 0.0765625
3 0.459375 0.265625 0.0890625 0.0828125
5 0.72734375 0.609375 0.0796875 0.0765625
5 0.6328125 0.6265625 0.0703125 0.075
2 0.7390625 0.52578125 0.0734375 0.0765625
2 0.51796875 0.4390625 0.0765625 0.0765625
1 0.69453125 0.4515625 0.08125 0.084375
1 0.58515625 0.5078125 0.0796875 0.0875
6 0.58515625 0.38125 0.08125 0.0859375
6 0.33046875 0.3671875 0.0796875 0.0796875
6 0.3203125 0.5609375 0.0765625 0.08125
6 0.2421875 0.596875 0.0890625 0.0890625
6 0.3140625 0.7265625 0.0859375 0.084375