12 0.45234375 0.4546875 0.078125 0.0796875
8 0.5953125 0.75625 0.0765625 0.08125
8 0.64765625 0.16484375 0.0796875 0.08125
11 0.659375 0.30703125 0.0765625 0.071875
11 0.35859375 0.4703125 0.0765625 0.078125
13 0.4421875 0.64296875 0.0765625 0.0796875
13 0.43984375 0.55390625 0.075 0.078125
10 0.5 0.76484375 0.08125 0.078125
10 0.39375 0.38046875 0.08125 0.08125
9 0.3578125 0.26171875 0.084375 0.084375
9 0.63984375 0.621875 0.0765625 0.0765625
14 0.634375 0.43203125 0.078125 0.0765625
14 0.69453125 0.70234375 0.071875 0.071875
14 0.7453125 0.621875 0.075 0.0828125
14 0.52109375 0.8578125 0.075 0.08125
14 0.58359375 0.2546875 0.08125 0.078125
4 0.3453125 0.65390625 0.0828125 0.08125
0 0.5828125 0.35546875 0.0796875 0.0796875
0 0.290625 0.39296875 0.08125 0.0765625
3 0.53671875 0.48671875 0.0796875 0.075
3 0.634375 0.52734375 0.078125 0.0796875
5 0.41171875 0.73671875 0.078125 0.075
5 0.71328125 0.38125 0.0765625 0.0828125
2 0.4359375 0.171875 0.08125 0.084375
2 0.52890625 0.16171875 0.0796875 0.08125
1 0.246875 0.60234375 0.08125 0.0765625
1 0.453125 0.265625 0.0828125 0.0828125
6 0.2703125 0.503125 0.0828125 0.078125
6 0.34296875 0.56015625 0.084375 0.078125
6 0.553125 0.578125 0.0828125 0.084375
6 0.5421875 0.6734375 0.078125 0.078125
6 0.484375 0.35625 0.0828125 0.084375