9 0.74921875 0.11171875 0.090625 0.090625
9 0.60390625 0.24453125 0.090625 0.090625
14 0.7703125 0.25390625 0.090625 0.090625
14 0.6703125 0.5046875 0.090625 0.090625
14 0.30546875 0.8734375 0.090625 0.090625
14 0.43515625 0.93671875 0.090625 0.090625
14 0.56171875 0.88203125 0.090625 0.090625
6 0.25703125 0.62265625 0.090625 0.090625
6 0.42890625 0.56484375 0.090625 0.090625
6 0.80390625 0.37734375 0.090625 0.090625
6 0.29921875 0.5046875 0.090625 0.090625
6 0.7703125 0.83984375 0.090625 0.090625
0 0.7703125 0.71875 0.090625 0.090625
0 0.47734375 0.2234375 0.090625 0.090625
8 0.540625 0.11796875 0.090625 0.090625
8 0.65546875 0.80390625 0.090625 0.090625
3 0.646875 0.634375 0.090625 0.090625
3 0.4078125 0.65859375 0.090625 0.090625
5 0.903125 0.4953125 0.090625 0.090625
5 0.359375 0.06953125 0.090625 0.090625
13 0.56171875 0.56796875 0.090625 0.090625
13 0.28984375 0.73125 0.090625 0.090625
4 0.65859375 0.36875 0.090625 0.090625
11 0.56171875 0.70390625 0.090625 0.090625
11 0.38359375 0.4015625 0.090625 0.090625
10 0.24453125 0.365625 0.090625 0.090625
10 0.53203125 0.3625 0.090625 0.090625
2 0.37734375 0.28984375 0.090625 0.090625
2 0.4625 0.47421875 0.090625 0.090625
1 0.7640625 0.5375 0.090625 0.090625
1 0.2625 0.19296875 0.090625 0.090625
12 0.44140625 0.79140625 0.090625 0.090625