9 0.11015625 0.253125 0.1203125 0.1203125
9 0.29765625 0.3125 0.1203125 0.1203125
14 0.15078125 0.39140625 0.1203125 0.1203125
14 0.34765625 0.5765625 0.1203125 0.1203125
14 0.834375 0.75625 0.1203125 0.1203125
14 0.74296875 0.86875 0.1203125 0.1203125
14 0.60546875 0.87265625 0.1203125 0.1203125
6 0.771875 0.50859375 0.1203125 0.1203125
6 0.5921875 0.52890625 0.1203125 0.1203125
6 0.17265625 0.5171875 0.1203125 0.1203125
6 0.68359375 0.41953125 0.1203125 0.1203125
6 0.3984375 0.921875 0.1203125 0.1203125
0 0.34765625 0.8125 0.1203125 0.1203125
0 0.40390625 0.23984375 0.1203125 0.1203125
8 0.3015625 0.17109375 0.1203125 0.1203125
8 0.4875 0.84140625 0.1203125 0.1203125
3 0.4234375 0.68359375 0.1203125 0.1203125
3 0.65078125 0.6046875 0.1203125 0.1203125
5 0.1328125 0.66640625 0.1203125 0.1203125
5 0.44453125 0.05546875 0.1203125 0.1109375
13 0.47265625 0.5875 0.1203125 0.1203125
13 0.78828125 0.62109375 0.1203125 0.1203125
4 0.30078125 0.4484375 0.1203125 0.1203125
11 0.53046875 0.7109375 0.1203125 0.1203125
11 0.5640625 0.36171875 0.1203125 0.1203125
10 0.675 0.2703125 0.1203125 0.1203125
10 0.4125 0.3890625 0.1203125 0.1203125
2 0.52265625 0.2578125 0.1203125 0.1203125
2 0.5234375 0.4609375 0.1203125 0.1203125
1 0.2765625 0.6453125 0.1203125 0.1203125
1 0.58515625 0.12109375 0.1203125 0.1203125
12 0.6765625 0.7390625 0.1203125 0.1203125