12 0.5890625 0.79765625 0.10625 0.10625
8 0.33203125 0.646875 0.1046875 0.10625
8 0.35625 0.44921875 0.0984375 0.1
11 0.66875 0.52890625 0.1015625 0.103125
11 0.340625 0.73046875 0.1046875 0.1046875
13 0.69609375 0.67734375 0.1046875 0.1046875
13 0.603125 0.4859375 0.0984375 0.0984375
10 0.6734375 0.77265625 0.1078125 0.1078125
10 0.60546875 0.6953125 0.1046875 0.10625
9 0.653125 0.421875 0.1 0.1
9 0.296875 0.50546875 0.1015625 0.103125
14 0.7546875 0.7359375 0.1078125 0.1078125
14 0.38046875 0.53828125 0.103125 0.103125
14 0.48359375 0.59140625 0.0921875 0.09375
14 0.40703125 0.6140625 0.1015625 0.1015625
14 0.5328125 0.65625 0.1 0.1
4 0.68359375 0.30859375 0.109375 0.109375
0 0.43125 0.41328125 0.1078125 0.109375
0 0.2515625 0.63359375 0.1109375 0.1125
3 0.8 0.63125 0.115625 0.115625
3 0.725 0.46875 0.1046875 0.1046875
5 0.378125 0.81484375 0.109375 0.1078125
5 0.63984375 0.6140625 0.1046875 0.10625
2 0.44921875 0.6828125 0.109375 0.1109375
2 0.53125 0.7375 0.1078125 0.109375
1 0.565625 0.4125 0.096875 0.096875
1 0.52265625 0.503125 0.1078125 0.1078125
6 0.7265625 0.59375 0.1046875 0.1046875
6 0.746875 0.38984375 0.1140625 0.115625
6 0.5390625 0.328125 0.1109375 0.109375
6 0.565625 0.58046875 0.103125 0.103125
6 0.453125 0.77578125 0.1078125 0.109375