12 0.38671875 0.7890625 0.0734375 0.078125
8 0.27734375 0.5125 0.0703125 0.0796875
8 0.41796875 0.37109375 0.065625 0.075
11 0.615625 0.6265625 0.06875 0.0765625
11 0.23203125 0.58359375 0.075 0.075
13 0.5453125 0.76015625 0.0734375 0.075
13 0.58984375 0.55234375 0.06875 0.071875
10 0.46875 0.821875 0.075 0.078125
10 0.4625 0.71875 0.071875 0.078125
9 0.66875 0.5328125 0.0703125 0.071875
9 0.33671875 0.37890625 0.06875 0.078125
14 0.55546875 0.84296875 0.075 0.078125
14 0.38203125 0.45625 0.071875 0.075
14 0.43046875 0.56171875 0.0640625 0.06875
14 0.35625 0.5328125 0.071875 0.071875
14 0.4296875 0.64296875 0.06875 0.0734375
4 0.7625 0.46171875 0.0796875 0.0765625
0 0.49921875 0.3890625 0.0765625 0.078125
0 0.221875 0.45234375 0.078125 0.08125
3 0.65546875 0.78828125 0.08125 0.0828125
3 0.696875 0.6140625 0.0734375 0.075
5 0.21015625 0.6734375 0.0796875 0.075
5 0.53984375 0.67578125 0.0734375 0.0765625
2 0.34765625 0.6125 0.075 0.08125
2 0.378125 0.70625 0.0765625 0.078125
1 0.60546875 0.47109375 0.0671875 0.0703125
1 0.51640625 0.51640625 0.078125 0.075
6 0.62109375 0.71328125 0.075 0.0734375
6 0.7625 0.565625 0.0796875 0.084375
6 0.63671875 0.3890625 0.0828125 0.075
6 0.50234375 0.60390625 0.0765625 0.0703125
6 0.29296875 0.68828125 0.0734375 0.08125