12 0.79453125 0.55625 0.08125 0.0734375
8 0.3984375 0.6875 0.0703125 0.071875
8 0.49296875 0.58359375 0.06875 0.071875
11 0.28125 0.6 0.071875 0.075
11 0.5234375 0.1875 0.0671875 0.0671875
13 0.3140625 0.29765625 0.071875 0.0703125
13 0.3515625 0.43828125 0.071875 0.071875
10 0.475 0.94765625 0.06875 0.071875
10 0.69453125 0.8328125 0.071875 0.06875
9 0.64921875 0.9640625 0.075 0.06875
9 0.54453125 0.8515625 0.0734375 0.0765625
14 0.20078125 0.8296875 0.0671875 0.065625
14 0.36328125 0.54140625 0.065625 0.059375
14 0.76640625 0.28671875 0.078125 0.0734375
14 0.6140625 0.21796875 0.075 0.075
14 0.60234375 0.36171875 0.071875 0.0703125
4 0.2984375 0.88203125 0.06875 0.071875
0 0.3890625 0.83515625 0.071875 0.0765625
0 0.5578125 0.46328125 0.071875 0.075
3 0.746875 0.409375 0.0734375 0.0703125
3 0.23203125 0.49140625 0.0734375 0.075
5 0.584375 0.778125 0.0734375 0.075
5 0.50390625 0.715625 0.071875 0.0765625
2 0.31796875 0.165625 0.0703125 0.0703125
2 0.6078125 0.6359375 0.0734375 0.0734375
1 0.1734375 0.67578125 0.071875 0.0703125
1 0.32421875 0.7640625 0.071875 0.071875
6 0.72421875 0.73984375 0.075 0.0765625
6 0.4578125 0.43984375 0.06875 0.06875
6 0.6765625 0.50546875 0.0734375 0.0703125
6 0.49609375 0.3078125 0.0671875 0.06875
6 0.38984375 0.1453125 0.071875 0.071875