2 0.65546875 0.24921875 0.0875 0.0890625
2 0.68515625 0.38203125 0.1078125 0.109375
13 0.56015625 0.340625 0.084375 0.0875
9 0.23828125 0.175 0.096875 0.090625
1 0.44921875 0.1109375 0.103125 0.10625
1 0.375 0.48125 0.1 0.0984375
6 0.46484375 0.540625 0.0921875 0.090625
6 0.50703125 0.41015625 0.09375 0.0953125
6 0.1140625 0.428125 0.1 0.1
6 0.61953125 0.4859375 0.09375 0.096875
6 0.83046875 0.54921875 0.096875 0.0984375
4 0.7203125 0.50703125 0.0796875 0.0796875
0 0.62734375 0.596875 0.090625 0.090625
0 0.45 0.9078125 0.0859375 0.084375
9 0.490625 0.78984375 0.0859375 0.0859375
10 0.37421875 0.7203125 0.09375 0.0953125
11 0.6734375 0.71171875 0.1 0.103125
11 0.6 0.81171875 0.09375 0.090625
3 0.53515625 0.64296875 0.0875 0.084375
3 0.83671875 0.75546875 0.0859375 0.0828125
8 0.71328125 0.85234375 0.0984375 0.1
5 0.75703125 0.609375 0.0875 0.0890625
5 0.92265625 0.6390625 0.103125 0.1078125
14 0.55859375 0.953125 0.1015625 0.09375
14 0.2625 0.5921875 0.103125 0.1046875
14 0.303125 0.3984375 0.084375 0.0875
14 0.21328125 0.4171875 0.096875 0.096875
14 0.1546875 0.303125 0.084375 0.0875
13 0.52109375 0.2359375 0.0875 0.0875
8 0.38984375 0.33125 0.1 0.1
10 0.275 0.27421875 0.1 0.1015625
12 0.40234375 0.20546875 0.090625 0.09375