12 0.71484375 0.6296875 0.0578125 0.0609375
8 0.49375 0.26640625 0.059375 0.059375
8 0.25625 0.246875 0.06875 0.0625
11 0.27578125 0.8921875 0.059375 0.065625
11 0.22890625 0.59765625 0.065625 0.059375
13 0.48828125 0.715625 0.059375 0.059375
13 0.36796875 0.203125 0.0625 0.0640625
10 0.61015625 0.5671875 0.0578125 0.0625
10 0.30703125 0.72109375 0.059375 0.0609375
9 0.71171875 0.803125 0.0640625 0.0640625
9 0.78671875 0.71796875 0.0640625 0.0609375
14 0.79765625 0.59921875 0.0625 0.0609375
14 0.51875 0.61015625 0.0546875 0.0578125
14 0.32890625 0.6140625 0.0609375 0.0625
14 0.2140625 0.48671875 0.059375 0.059375
14 0.30546875 0.43984375 0.0625 0.05625
4 0.20390625 0.7265625 0.0625 0.0640625
0 0.39609375 0.425 0.0578125 0.065625
0 0.2703125 0.34921875 0.0640625 0.0609375
3 0.7359375 0.4171875 0.0609375 0.0671875
3 0.62578125 0.4390625 0.065625 0.0578125
5 0.54140625 0.48515625 0.0578125 0.0625
5 0.3828125 0.81328125 0.0609375 0.0609375
2 0.61796875 0.72890625 0.059375 0.059375
2 0.4515625 0.49921875 0.0609375 0.0609375
1 0.39765625 0.31171875 0.0609375 0.0625
1 0.49375 0.3671875 0.059375 0.0609375
6 0.81953125 0.5015625 0.0640625 0.065625
6 0.70078125 0.5125 0.059375 0.0671875
6 0.346875 0.528125 0.0578125 0.059375
6 0.4234375 0.63515625 0.059375 0.0640625
6 0.5328125 0.81328125 0.06875 0.0640625