6 0.68828125 0.18125 0.0890625 0.0890625
6 0.49453125 0.303125 0.08125 0.08125
6 0.403125 0.4609375 0.084375 0.084375
6 0.5734375 0.578125 0.08125 0.08125
6 0.38203125 0.596875 0.084375 0.084375
14 0.54609375 0.46640625 0.0734375 0.0734375
14 0.90234375 0.27890625 0.08125 0.08125
14 0.05546875 0.5296875 0.0890625 0.0890625
14 0.27578125 0.29609375 0.0828125 0.0828125
14 0.83515625 0.6265625 0.090625 0.090625
13 0.72265625 0.49140625 0.075 0.075
13 0.63984375 0.79296875 0.078125 0.0765625
3 0.61171875 0.03828125 0.0890625 0.0765625
3 0.25859375 0.5703125 0.0890625 0.0890625
12 0.2234375 0.4578125 0.0859375 0.0859375
10 0.403125 0.2171875 0.084375 0.084375
10 0.72890625 0.640625 0.0796875 0.0796875
0 0.57265625 0.15078125 0.0828125 0.0828125
0 0.4796875 0.83984375 0.0890625 0.0890625
8 0.6765625 0.34921875 0.0765625 0.078125
8 0.33046875 0.89921875 0.0890625 0.0890625
2 0.403125 0.98203125 0.1 0.0359375
2 0.82109375 0.4 0.0890625 0.0890625
11 0.9390625 0.4046875 0.071875 0.071875
11 0.43125 0.7171875 0.08125 0.08125
9 0.54375 0.7265625 0.0890625 0.0890625
9 0.14609375 0.65234375 0.0890625 0.0890625
1 0.846875 0.5296875 0.0859375 0.0859375
1 0.3125 0.78984375 0.084375 0.084375
5 0.190625 0.80390625 0.0796875 0.0796875
5 0.640625 0.2625 0.0828125 0.0828125
4 0.7859375 0.28125 0.0765625 0.078125