2 0.22265625 0.215625 0.1625 0.15625
2 0.22734375 0.40625 0.15 0.1453125
1 0.21953125 0.59140625 0.1515625 0.140625
1 0.2125 0.77734375 0.15 0.1453125
3 0.4 0.7796875 0.14375 0.14375
3 0.39921875 0.6125 0.1359375 0.0984375
5 0.41328125 0.22109375 0.146875 0.1515625
6 0.778125 0.79140625 0.15 0.1453125
6 0.77890625 0.60078125 0.1453125 0.1484375
6 0.78515625 0.41484375 0.1453125 0.1375
6 0.790625 0.22734375 0.14375 0.140625
6 0.59921875 0.21875 0.1484375 0.15
0 0.58828125 0.78046875 0.153125 0.1484375