12 0.44140625 0.14609375 0.084375 0.0828125
8 0.7390625 0.71640625 0.0796875 0.0796875
8 0.29765625 0.43359375 0.0828125 0.0828125
11 0.3375 0.5203125 0.078125 0.078125
11 0.46953125 0.453125 0.078125 0.078125
13 0.67734375 0.59375 0.078125 0.078125
13 0.59140625 0.37578125 0.0703125 0.071875
10 0.37265625 0.571875 0.0734375 0.075
10 0.61796875 0.54609375 0.0703125 0.071875
9 0.30078125 0.15546875 0.0828125 0.084375
9 0.60859375 0.303125 0.0796875 0.08125
14 0.7484375 0.653125 0.0796875 0.08125
14 0.58671875 0.49296875 0.084375 0.0828125
14 0.3 0.28515625 0.0796875 0.0796875
14 0.40078125 0.5109375 0.0765625 0.078125
14 0.46328125 0.5109375 0.0765625 0.075
4 0.259375 0.21875 0.084375 0.084375
0 0.20234375 0.34453125 0.090625 0.0890625
0 0.6125 0.6078125 0.084375 0.084375
3 0.35 0.671875 0.0875 0.0875
3 0.4765625 0.39140625 0.08125 0.08125
5 0.57578125 0.66875 0.0875 0.0875
5 0.50859375 0.24453125 0.090625 0.0890625
2 0.434375 0.56640625 0.0796875 0.078125
2 0.52734375 0.46796875 0.0765625 0.0765625
1 0.79375 0.74453125 0.0828125 0.08125
1 0.4484375 0.65625 0.084375 0.0859375
6 0.85234375 0.778125 0.084375 0.084375
6 0.49765625 0.5609375 0.08125 0.078125
6 0.5359375 0.40703125 0.0828125 0.08125
6 0.23125 0.275 0.0875 0.0890625
6 0.21484375 0.16796875 0.0890625 0.0890625