12 0.83671875 0.85546875 0.121875 0.1140625
8 0.84375 0.66875 0.13125 0.128125
8 0.71875 0.74609375 0.1171875 0.115625
11 0.74140625 0.14140625 0.13125 0.128125
11 0.10234375 0.38046875 0.1140625 0.1171875
13 0.58828125 0.65078125 0.128125 0.1203125
10 0.384375 0.24453125 0.125 0.1234375
9 0.55 0.321875 0.1265625 0.121875
9 0.50859375 0.8171875 0.1234375 0.1203125
14 0.2890625 0.35 0.121875 0.1171875
14 0.28359375 0.2046875 0.1171875 0.11875
14 0.33984375 0.0921875 0.11875 0.125
14 0.15703125 0.15625 0.1234375 0.115625
4 0.5015625 0.95078125 0.13125 0.0984375
0 0.6984375 0.2921875 0.128125 0.121875
0 0.790625 0.5515625 0.1265625 0.1234375
3 0.64140625 0.50390625 0.1265625 0.128125
3 0.59765625 0.03828125 0.1328125 0.0765625
5 0.5265625 0.43203125 0.1171875 0.1140625
5 0.61875 0.190625 0.125 0.125
2 0.3453125 0.953125 0.121875 0.09375
2 0.1734375 0.3046875 0.125 0.125
1 0.059375 0.1796875 0.1125 0.096875
6 0.69296875 0.89921875 0.121875 0.121875
6 0.94609375 0.7875 0.1078125 0.125
6 0.5234375 0.53125 0.128125 0.121875
6 0.74375 0.3828125 0.128125 0.125
6 0.45859375 0.1609375 0.125 0.1296875