10 0.47890625 0.3671875 0.059375 0.0703125
10 0.74765625 0.4921875 0.065625 0.059375
8 0.6203125 0.14453125 0.059375 0.0546875
8 0.76015625 0.728125 0.0578125 0.0625
4 0.29765625 0.8875 0.0671875 0.0625
3 0.6265625 0.35625 0.0578125 0.0546875
3 0.33515625 0.60078125 0.0703125 0.0625
5 0.2875 0.7640625 0.0578125 0.0546875
5 0.3890625 0.11875 0.0578125 0.0703125
0 0.50625 0.08515625 0.0578125 0.059375
0 0.640625 0.81328125 0.065625 0.065625
1 0.54140625 0.91015625 0.059375 0.0546875
1 0.70859375 0.19453125 0.0546875 0.059375
13 0.7359375 0.29140625 0.0625 0.059375
13 0.51328125 0.6765625 0.059375 0.0625
2 0.50546875 0.5859375 0.059375 0.059375
2 0.64765625 0.68046875 0.0625 0.059375
9 0.67734375 0.5796875 0.0703125 0.0671875
9 0.4921875 0.7875 0.059375 0.059375
6 0.3984375 0.7375 0.059375 0.0546875
6 0.1890625 0.5703125 0.0703125 0.059375
6 0.37890625 0.3328125 0.0625 0.059375
6 0.3734375 0.24296875 0.0671875 0.0671875
6 0.49453125 0.2078125 0.059375 0.0703125
11 0.2453125 0.23125 0.0734375 0.065625
11 0.23359375 0.396875 0.065625 0.0578125
12 0.33515625 0.4671875 0.059375 0.0625
14 0.43984375 0.4765625 0.0546875 0.0546875
14 0.59296875 0.4828125 0.0625 0.0671875
14 0.684375 0.928125 0.0734375 0.065625
14 0.421875 0.8671875 0.065625 0.0671875
14 0.80390625 0.89140625 0.0671875 0.0703125