12 0.70390625 0.47578125 0.0734375 0.06875
8 0.66171875 0.6765625 0.075 0.071875
8 0.75 0.628125 0.075 0.0765625
11 0.52109375 0.23984375 0.075 0.0765625
11 0.57578125 0.625 0.075 0.0734375
13 0.1875 0.46484375 0.075 0.0734375
13 0.3046875 0.5640625 0.0734375 0.0734375
10 0.2484375 0.68671875 0.075 0.071875
10 0.58125 0.40390625 0.0703125 0.071875
9 0.6609375 0.25625 0.075 0.0734375
9 0.1421875 0.58359375 0.075 0.071875
14 0.3078125 0.775 0.071875 0.0671875
14 0.31875 0.4375 0.06875 0.0671875
14 0.64921875 0.5609375 0.0734375 0.0734375
14 0.33515625 0.23046875 0.075 0.075
14 0.42890625 0.2015625 0.075 0.0734375
4 0.29375 0.33671875 0.075 0.0765625
0 0.590625 0.81328125 0.06875 0.06875
0 0.46171875 0.078125 0.071875 0.0703125
3 0.8046875 0.41328125 0.0765625 0.075
3 0.49296875 0.3546875 0.075 0.0765625
5 0.415625 0.58203125 0.078125 0.078125
5 0.4046875 0.82890625 0.0765625 0.075
2 0.53046875 0.50390625 0.084375 0.08125
2 0.41171875 0.31875 0.0765625 0.078125
1 0.4640625 0.7265625 0.0765625 0.0796875
1 0.66953125 0.821875 0.078125 0.078125
6 0.48671875 0.85546875 0.078125 0.0765625
6 0.35234375 0.6390625 0.078125 0.0765625
6 0.41875 0.4875 0.0734375 0.075
6 0.80390625 0.5203125 0.078125 0.0765625
6 0.69375 0.3640625 0.0765625 0.0765625