12 0.36328125 0.36953125 0.09375 0.084375
8 0.52734375 0.7203125 0.0859375 0.0921875
8 0.63828125 0.81796875 0.090625 0.09375
11 0.2015625 0.38984375 0.09375 0.096875
11 0.87734375 0.38515625 0.0875 0.096875
13 0.86796875 0.0390625 0.084375 0.078125
13 0.603125 0.9578125 0.08125 0.084375
10 0.446875 0.49296875 0.090625 0.0859375
10 0.5734375 0.41328125 0.0875 0.08125
9 0.79375 0.9359375 0.084375 0.084375
9 0.41328125 0.69375 0.0875 0.090625
14 0.5328125 0.2015625 0.0921875 0.09375
14 0.59921875 0.30546875 0.0859375 0.0875
14 0.359375 0.78125 0.0875 0.0953125
14 0.4578125 0.80078125 0.084375 0.0953125
4 0.159375 0.76171875 0.09375 0.084375
0 0.40859375 0.9046875 0.08125 0.0859375
0 0.52578125 0.065625 0.0984375 0.0921875
3 0.31171875 0.875 0.0953125 0.09375
3 0.73125 0.08359375 0.096875 0.0875
5 0.22421875 0.6796875 0.0953125 0.1015625
5 0.5578125 0.62578125 0.096875 0.0953125
2 0.1703125 0.86171875 0.0984375 0.096875
2 0.778125 0.40546875 0.0953125 0.0921875
1 0.76484375 0.25234375 0.0921875 0.096875
6 0.69765625 0.93359375 0.0875 0.090625
6 0.29296875 0.2296875 0.103125 0.09375
6 0.50078125 0.34296875 0.090625 0.0921875
6 0.41640625 0.0578125 0.1015625 0.09375