12 0.56640625 0.31171875 0.0625 0.0671875
8 0.49140625 0.61171875 0.0671875 0.0625
8 0.22109375 0.3859375 0.06875 0.065625
11 0.68671875 0.525 0.0671875 0.065625
11 0.56875 0.7734375 0.06875 0.065625
13 0.746875 0.77578125 0.065625 0.065625
13 0.334375 0.5953125 0.05625 0.065625
10 0.64140625 0.19375 0.059375 0.065625
10 0.1953125 0.5046875 0.0671875 0.0671875
9 0.80078125 0.559375 0.0703125 0.06875
9 0.57421875 0.6625 0.0734375 0.06875
14 0.77890625 0.378125 0.0671875 0.06875
14 0.4828125 0.50703125 0.0703125 0.0640625
14 0.3203125 0.45390625 0.071875 0.071875
14 0.6328125 0.84609375 0.0609375 0.0640625
14 0.32734375 0.33046875 0.06875 0.0734375
4 0.4234375 0.1390625 0.06875 0.071875
0 0.41015625 0.89296875 0.06875 0.0671875
0 0.29765625 0.721875 0.0625 0.0671875
3 0.4125 0.40546875 0.0671875 0.06875
3 0.265625 0.528125 0.065625 0.065625
5 0.68671875 0.378125 0.071875 0.075
5 0.2015625 0.6703125 0.06875 0.06875
2 0.2125 0.3140625 0.06875 0.071875
2 0.7109375 0.25390625 0.06875 0.06875
1 0.59296875 0.56796875 0.0671875 0.0671875
1 0.1640625 0.20859375 0.071875 0.071875
6 0.571875 0.46171875 0.071875 0.06875
6 0.7796875 0.46171875 0.06875 0.0703125
6 0.67578125 0.70390625 0.071875 0.0640625
6 0.4640625 0.76640625 0.065625 0.0625
6 0.27890625 0.875 0.0671875 0.0609375