7 0.1328125 0.075 0.0578125 0.059375
7 0.3109375 0.07890625 0.0640625 0.0640625
7 0.39921875 0.075 0.0734375 0.059375
7 0.771875 0.08125 0.0671875 0.0703125
7 0.8640625 0.07890625 0.0625 0.0671875
7 0.12890625 0.159375 0.0625 0.0671875
7 0.3109375 0.159375 0.0609375 0.0640625
7 0.58828125 0.165625 0.059375 0.0703125
7 0.68203125 0.1640625 0.0609375 0.0671875
7 0.77265625 0.16171875 0.0625 0.06875
7 0.86171875 0.1640625 0.0578125 0.0640625
7 0.128125 0.24375 0.0578125 0.065625
7 0.225 0.2484375 0.0546875 0.065625
7 0.40390625 0.2484375 0.0453125 0.065625
7 0.5890625 0.24921875 0.0640625 0.0640625
7 0.6796875 0.25078125 0.0625 0.0609375
7 0.22421875 0.33671875 0.059375 0.0625
7 0.4078125 0.3359375 0.0609375 0.0609375
7 0.5890625 0.33828125 0.0546875 0.06875
7 0.771875 0.33828125 0.0546875 0.05625
7 0.859375 0.33203125 0.05625 0.0625
7 0.13046875 0.41796875 0.0515625 0.065625
7 0.215625 0.41484375 0.0515625 0.05625
7 0.309375 0.41640625 0.0640625 0.0625
7 0.40234375 0.41484375 0.0625 0.059375
7 0.4953125 0.42265625 0.05625 0.0703125
7 0.584375 0.41328125 0.0578125 0.0515625
7 0.678125 0.4171875 0.0515625 0.0546875
7 0.76953125 0.415625 0.0515625 0.0578125
7 0.13046875 0.5078125 0.0515625 0.0515625
7 0.21953125 0.50703125 0.0546875 0.046875
7 0.49375 0.50625 0.065625 0.059375
7 0.5890625 0.509375 0.0546875 0.0609375
7 0.6796875 0.509375 0.0421875 0.0546875
7 0.76875 0.51171875 0.05 0.0515625
7 0.8609375 0.5078125 0.0515625 0.05625
7 0.21875 0.59140625 0.0515625 0.059375
7 0.31015625 0.59140625 0.06875 0.05625
7 0.39921875 0.590625 0.0640625 0.0546875
7 0.58671875 0.59140625 0.05625 0.05625
7 0.76875 0.59453125 0.046875 0.0515625
7 0.13046875 0.67734375 0.0515625 0.046875
7 0.22265625 0.67578125 0.0640625 0.0609375
7 0.31171875 0.67734375 0.05625 0.0546875
7 0.5796875 0.67578125 0.059375 0.0546875
7 0.771875 0.68203125 0.0546875 0.05
7 0.859375 0.68125 0.0515625 0.059375
7 0.13125 0.7609375 0.046875 0.0578125
7 0.225 0.76484375 0.0578125 0.0515625
7 0.31171875 0.7640625 0.0421875 0.05
7 0.39765625 0.76484375 0.0578125 0.0625
7 0.5859375 0.76328125 0.0578125 0.05625
7 0.67890625 0.76328125 0.0546875 0.059375
7 0.77109375 0.76484375 0.0515625 0.065625
7 0.8609375 0.76875 0.0484375 0.0578125
7 0.2171875 0.84765625 0.0484375 0.0515625
7 0.4 0.84453125 0.0484375 0.0515625
7 0.8609375 0.846875 0.0515625 0.0578125
12 0.50078125 0.834375 0.0546875 0.0640625
8 0.49375 0.75625 0.065625 0.06875
8 0.59375 0.8421875 0.0578125 0.0640625
11 0.675 0.84296875 0.0625 0.065625
11 0.3046875 0.8359375 0.046875 0.0609375
13 0.68203125 0.6859375 0.0546875 0.059375
13 0.40546875 0.50625 0.059375 0.059375
10 0.77265625 0.853125 0.05625 0.059375
10 0.125 0.85625 0.0578125 0.065625
9 0.40703125 0.675 0.0515625 0.0625
9 0.4953125 0.67421875 0.0515625 0.0578125
14 0.134375 0.58984375 0.059375 0.065625
14 0.30546875 0.50546875 0.05625 0.0578125
14 0.48203125 0.59375 0.0515625 0.0671875
14 0.67734375 0.5953125 0.05 0.0640625
14 0.8640625 0.6 0.059375 0.0625
4 0.49375 0.08359375 0.06875 0.065625
0 0.49453125 0.1609375 0.0578125 0.0578125
0 0.5859375 0.0796875 0.0671875 0.071875
3 0.5 0.2421875 0.065625 0.065625
3 0.68046875 0.0890625 0.0640625 0.0734375
5 0.8703125 0.25 0.0671875 0.071875
5 0.3984375 0.15546875 0.065625 0.0625
2 0.2171875 0.0703125 0.078125 0.06875
2 0.22109375 0.16015625 0.0640625 0.065625
1 0.31484375 0.2390625 0.0609375 0.0640625
1 0.77109375 0.2484375 0.065625 0.065625
6 0.15234375 0.32421875 0.071875 0.0671875
6 0.31328125 0.32578125 0.0640625 0.0671875
6 0.50625 0.328125 0.065625 0.065625
6 0.6859375 0.33359375 0.06875 0.065625
6 0.86953125 0.42265625 0.065625 0.0671875