12 0.6015625 0.93828125 0.0734375 0.0734375
8 0.36796875 0.25859375 0.065625 0.0671875
8 0.6515625 0.725 0.065625 0.065625
11 0.6796875 0.32578125 0.065625 0.065625
11 0.54453125 0.36484375 0.0671875 0.0671875
13 0.86953125 0.4078125 0.06875 0.06875
13 0.24140625 0.64453125 0.0671875 0.0671875
10 0.40390625 0.6921875 0.0671875 0.0671875
10 0.1640625 0.57421875 0.0734375 0.0703125
9 0.44296875 0.6265625 0.0734375 0.0703125
9 0.63515625 0.4453125 0.0734375 0.071875
14 0.72421875 0.24765625 0.0765625 0.071875
14 0.47109375 0.20703125 0.078125 0.0765625
14 0.3265625 0.778125 0.075 0.0734375
14 0.37421875 0.4296875 0.0734375 0.0703125
14 0.421875 0.54296875 0.078125 0.078125
4 0.42265625 0.34765625 0.0671875 0.0671875
0 0.6375 0.83203125 0.0671875 0.0671875
0 0.27265625 0.3921875 0.06875 0.06875
3 0.80234375 0.56328125 0.0734375 0.0703125
3 0.5578125 0.7109375 0.0671875 0.0671875
5 0.53125 0.11328125 0.0734375 0.075
5 0.2 0.75 0.06875 0.06875
2 0.45078125 0.88984375 0.0734375 0.0734375
2 0.60859375 0.584375 0.0703125 0.071875
1 0.6140625 0.22890625 0.0671875 0.0671875
1 0.7078125 0.5734375 0.065625 0.065625
6 0.79921875 0.34609375 0.0671875 0.0671875
6 0.74609375 0.43125 0.0671875 0.0671875
6 0.52578125 0.459375 0.075 0.075
6 0.2671875 0.52421875 0.0671875 0.0671875
6 0.5 0.77734375 0.0703125 0.0671875