12 0.68515625 0.22421875 0.08125 0.0890625
8 0.47265625 0.34765625 0.078125 0.0796875
8 0.3453125 0.7140625 0.078125 0.0796875
11 0.62734375 0.578125 0.08125 0.08125
11 0.7484375 0.2953125 0.084375 0.084375
13 0.434375 0.421875 0.0765625 0.078125
13 0.66484375 0.309375 0.078125 0.084375
10 0.60546875 0.81328125 0.090625 0.0875
10 0.54765625 0.62734375 0.075 0.078125
9 0.43203125 0.275 0.08125 0.0859375
9 0.3640625 0.35390625 0.0828125 0.090625
14 0.23125 0.64296875 0.0953125 0.0953125
14 0.62421875 0.66875 0.084375 0.0828125
14 0.478125 0.1765625 0.0828125 0.0875
14 0.596875 0.2234375 0.0828125 0.084375
14 0.36015625 0.46171875 0.0796875 0.0859375
4 0.37578125 0.55859375 0.08125 0.0828125
0 0.43671875 0.50234375 0.0765625 0.0828125
0 0.66328125 0.5015625 0.0859375 0.0859375
3 0.31953125 0.63671875 0.0875 0.0765625
3 0.284375 0.41796875 0.090625 0.0921875
5 0.58046875 0.30859375 0.0828125 0.084375
5 0.5171875 0.253125 0.08125 0.0890625
2 0.42890625 0.6234375 0.0828125 0.084375
2 0.4984375 0.55859375 0.0765625 0.0796875
1 0.28828125 0.55625 0.0890625 0.0921875
1 0.50546875 0.46015625 0.084375 0.090625
6 0.48125 0.68828125 0.0796875 0.0796875
6 0.5609375 0.7265625 0.0890625 0.0796875
6 0.5453125 0.38671875 0.0828125 0.08125
6 0.6125 0.43515625 0.090625 0.0875
6 0.57265625 0.51171875 0.0828125 0.0859375