7 0.01796875 0.246875 0.0359375 0.078125
7 0.07734375 0.209375 0.0671875 0.0671875
7 0.4125 0.06796875 0.078125 0.0796875
7 0.49765625 0.0359375 0.0734375 0.071875
7 0.03203125 0.31953125 0.0640625 0.0734375
7 0.1890625 0.25390625 0.08125 0.0796875
7 0.275 0.21875 0.08125 0.078125
7 0.44375 0.14765625 0.084375 0.0859375
7 0.53125 0.1109375 0.06875 0.071875
7 0.61484375 0.07734375 0.078125 0.0796875
7 0.1453125 0.36640625 0.0765625 0.075
7 0.309375 0.296875 0.0703125 0.075
7 0.47734375 0.2265625 0.065625 0.0671875
7 0.56171875 0.1953125 0.0734375 0.0703125
7 0.725 0.12109375 0.06875 0.0734375
7 0.09609375 0.4765625 0.0765625 0.0796875
7 0.1765625 0.44453125 0.0671875 0.071875
7 0.34375 0.37890625 0.0734375 0.071875
7 0.509375 0.30859375 0.0796875 0.0828125
7 0.68125 0.23203125 0.075 0.0734375
7 0.12890625 0.5609375 0.071875 0.06875
7 0.209375 0.52109375 0.0609375 0.0625
7 0.2953125 0.4875 0.0640625 0.065625
7 0.37265625 0.45390625 0.075 0.0734375
7 0.4625 0.4171875 0.0640625 0.0625
7 0.5453125 0.38203125 0.0546875 0.05625
7 0.628125 0.34765625 0.0703125 0.06875
7 0.70859375 0.309375 0.071875 0.06875
7 0.7984375 0.275 0.06875 0.0703125
7 0.24921875 0.60703125 0.0734375 0.071875
7 0.32578125 0.57109375 0.075 0.078125
7 0.41484375 0.53515625 0.0625 0.0640625
7 0.496875 0.50234375 0.0765625 0.0765625
7 0.58203125 0.46484375 0.0765625 0.0765625
7 0.66328125 0.4296875 0.0671875 0.075
7 0.74765625 0.39609375 0.075 0.075
7 0.834375 0.35546875 0.0734375 0.071875
7 0.2015625 0.71875 0.075 0.0734375
7 0.2796875 0.68359375 0.0765625 0.0734375
7 0.4453125 0.61328125 0.0765625 0.0734375
7 0.61171875 0.5453125 0.0765625 0.075
7 0.78125 0.47265625 0.075 0.075
7 0.2265625 0.79609375 0.0671875 0.0703125
7 0.30703125 0.76015625 0.075 0.075
7 0.39453125 0.728125 0.0703125 0.0734375
7 0.48046875 0.69375 0.0703125 0.0671875
7 0.64609375 0.62265625 0.0671875 0.0734375
7 0.815625 0.5515625 0.0828125 0.08125
7 0.89765625 0.51484375 0.0765625 0.0765625
7 0.26328125 0.87421875 0.06875 0.0703125
7 0.3453125 0.84140625 0.06875 0.0703125
7 0.42890625 0.803125 0.075 0.075
7 0.5109375 0.76875 0.0640625 0.065625
7 0.59453125 0.73515625 0.0734375 0.0671875
7 0.68046875 0.69609375 0.065625 0.06875
7 0.76328125 0.66328125 0.0734375 0.0703125
7 0.84765625 0.628125 0.075 0.0734375
7 0.93125 0.59453125 0.0625 0.0703125
7 0.2921875 0.95234375 0.0609375 0.0578125
7 0.37890625 0.91640625 0.059375 0.0609375
7 0.4625 0.88203125 0.0640625 0.065625
7 0.88046875 0.703125 0.071875 0.06875
12 0.6234375 0.80703125 0.071875 0.0765625
8 0.5484375 0.840625 0.0859375 0.084375
8 0.7046875 0.76953125 0.0859375 0.0890625
11 0.8 0.73359375 0.075 0.078125
13 0.72890625 0.5859375 0.0828125 0.0890625
10 0.96640625 0.6640625 0.0671875 0.0875
10 0.0484375 0.3921875 0.0828125 0.0875
9 0.10546875 0.2859375 0.084375 0.0875
13 0.22734375 0.3359375 0.084375 0.0859375
9 0.55390625 0.65078125 0.0796875 0.078125
14 0.153125 0.6390625 0.0890625 0.090625
14 0.5203125 0.5765625 0.0859375 0.0890625
14 0.7015625 0.4984375 0.0875 0.090625
14 0.86171875 0.43125 0.090625 0.09375
4 0.33046875 0.103125 0.0921875 0.09375
0 0.24765625 0.134375 0.084375 0.0859375
0 0.3609375 0.1734375 0.0859375 0.0890625
3 0.38125 0.259375 0.084375 0.0875
3 0.159375 0.171875 0.0875 0.0875
5 0.59453125 0.021875 0.0890625 0.04375
2 0.36328125 0.64375 0.08125 0.0828125
1 0.64140625 0.1515625 0.084375 0.0859375
1 0.69921875 0.04140625 0.0859375 0.0828125
6 0.25234375 0.41015625 0.084375 0.0796875
6 0.42890625 0.3359375 0.0921875 0.09375
6 0.59453125 0.26640625 0.09375 0.09375
6 0.7625 0.19921875 0.09375 0.0921875