7 0.13671875 0.071875 0.0546875 0.0625
7 0.22421875 0.0671875 0.0515625 0.0515625
7 0.58828125 0.06796875 0.059375 0.0609375
7 0.68046875 0.06953125 0.0546875 0.0609375
7 0.13671875 0.15 0.0546875 0.05625
7 0.31015625 0.15234375 0.0625 0.059375
7 0.403125 0.153125 0.0640625 0.0578125
7 0.5859375 0.15390625 0.0640625 0.065625
7 0.68046875 0.15390625 0.05 0.05625
7 0.77109375 0.15625 0.059375 0.0609375
7 0.22578125 0.23828125 0.059375 0.05625
7 0.40390625 0.23828125 0.0515625 0.059375
7 0.5859375 0.23984375 0.05 0.0515625
7 0.67578125 0.24375 0.0578125 0.0515625
7 0.85546875 0.2390625 0.05 0.0578125
7 0.1375 0.3203125 0.05625 0.0625
7 0.22421875 0.32265625 0.0484375 0.0578125
7 0.40390625 0.32734375 0.05625 0.0546875
7 0.58359375 0.32734375 0.059375 0.0640625
7 0.771875 0.32421875 0.0578125 0.0546875
7 0.134375 0.4109375 0.05625 0.05
7 0.22421875 0.40546875 0.0453125 0.0484375
7 0.31640625 0.40859375 0.046875 0.0515625
7 0.40078125 0.4078125 0.0578125 0.0546875
7 0.49765625 0.409375 0.05 0.046875
7 0.5875 0.409375 0.040625 0.04375
7 0.67734375 0.41015625 0.0546875 0.0515625
7 0.76640625 0.40625 0.05625 0.05
7 0.8625 0.409375 0.0515625 0.0546875
7 0.22734375 0.50078125 0.05625 0.0546875
7 0.31171875 0.49765625 0.05625 0.0609375
7 0.4078125 0.49921875 0.046875 0.05
7 0.49609375 0.50078125 0.0578125 0.0578125
7 0.5890625 0.5 0.0578125 0.059375
7 0.67734375 0.49921875 0.046875 0.0609375
7 0.76875 0.5015625 0.0578125 0.05625
7 0.8640625 0.49765625 0.05625 0.0546875
7 0.13984375 0.584375 0.0578125 0.0546875
7 0.22578125 0.5828125 0.059375 0.0546875
7 0.40546875 0.5828125 0.059375 0.0546875
7 0.58515625 0.58515625 0.059375 0.05625
7 0.76953125 0.584375 0.05625 0.0578125
7 0.1328125 0.665625 0.05 0.0546875
7 0.2203125 0.6640625 0.05625 0.0578125
7 0.3140625 0.66875 0.0515625 0.0578125
7 0.40625 0.67109375 0.0546875 0.05
7 0.58671875 0.6703125 0.0484375 0.059375
7 0.7703125 0.67109375 0.0640625 0.0609375
7 0.86015625 0.66875 0.0578125 0.0578125
7 0.1359375 0.75234375 0.0515625 0.0546875
7 0.22421875 0.75390625 0.0515625 0.0546875
7 0.31640625 0.7515625 0.0578125 0.05625
7 0.40546875 0.7515625 0.0484375 0.0515625
7 0.4953125 0.753125 0.059375 0.0484375
7 0.58984375 0.75078125 0.0484375 0.0546875
7 0.67890625 0.753125 0.0578125 0.0515625
7 0.7703125 0.75390625 0.0578125 0.0546875
7 0.86015625 0.75546875 0.04375 0.0578125
7 0.13203125 0.83515625 0.0484375 0.0421875
7 0.22578125 0.8359375 0.0453125 0.046875
7 0.31640625 0.83671875 0.046875 0.0515625
7 0.77109375 0.8359375 0.05625 0.05
12 0.49375 0.83125 0.0515625 0.0609375
8 0.41171875 0.8328125 0.065625 0.0640625
8 0.5828125 0.828125 0.0640625 0.06875
11 0.68515625 0.83203125 0.0546875 0.0625
13 0.67734375 0.66875 0.0609375 0.0703125
10 0.87421875 0.8375 0.065625 0.0671875
10 0.1265625 0.22421875 0.0609375 0.06875
9 0.2203125 0.1484375 0.0625 0.06875
13 0.31328125 0.2421875 0.0640625 0.065625
9 0.490625 0.66015625 0.0609375 0.059375
14 0.1265625 0.49296875 0.0671875 0.0703125
14 0.4890625 0.578125 0.0640625 0.06875
14 0.6859375 0.57734375 0.065625 0.0703125
14 0.859375 0.578125 0.06875 0.071875
4 0.49921875 0.06875 0.0703125 0.071875
0 0.41015625 0.06484375 0.0625 0.0671875
0 0.49921875 0.1453125 0.0640625 0.06875
3 0.48515625 0.23203125 0.0625 0.06875
3 0.31484375 0.06484375 0.0671875 0.0671875
5 0.784375 0.0734375 0.065625 0.075
2 0.31796875 0.57890625 0.0609375 0.0640625
2 0.86171875 0.06796875 0.0671875 0.0703125
1 0.76640625 0.234375 0.0625 0.0671875
1 0.8640625 0.1546875 0.065625 0.0671875
6 0.30703125 0.3203125 0.065625 0.059375
6 0.4984375 0.32109375 0.06875 0.0734375
6 0.678125 0.321875 0.071875 0.071875
6 0.859375 0.32578125 0.071875 0.0703125