12 0.6578125 0.475 0.10625 0.10625
8 0.375 0.6625 0.096875 0.096875
8 0.65 0.8265625 0.1015625 0.103125
11 0.671875 0.65390625 0.1015625 0.1015625
11 0.77421875 0.3953125 0.1046875 0.1046875
13 0.7140625 0.58046875 0.109375 0.1078125
13 0.6328125 0.34140625 0.0984375 0.0984375
10 0.4453125 0.3640625 0.1109375 0.1078125
10 0.75234375 0.47421875 0.1015625 0.0984375
9 0.5359375 0.815625 0.1046875 0.10625
9 0.22578125 0.6609375 0.1015625 0.1015625
14 0.53984375 0.71171875 0.1015625 0.1015625
14 0.16953125 0.7375 0.1046875 0.1015625
14 0.278125 0.84453125 0.1015625 0.1015625
14 0.503125 0.4265625 0.096875 0.0984375
14 0.3734375 0.50625 0.0921875 0.09375
4 0.30703125 0.43984375 0.103125 0.1015625
0 0.20859375 0.45703125 0.103125 0.103125
0 0.30859375 0.5984375 0.09375 0.0953125
3 0.3859375 0.425 0.10625 0.103125
3 0.6734375 0.7375 0.10625 0.1078125
5 0.2890625 0.74609375 0.0984375 0.1
5 0.2453125 0.5375 0.1078125 0.109375
2 0.43203125 0.84609375 0.1015625 0.1015625
2 0.37578125 0.7734375 0.103125 0.1078125
1 0.4578125 0.64375 0.0953125 0.0984375
1 0.4796875 0.56328125 0.0953125 0.0984375
6 0.58125 0.43984375 0.096875 0.1015625
6 0.58515625 0.5234375 0.0984375 0.0984375
6 0.578125 0.63125 0.1 0.1015625
6 0.45078125 0.48828125 0.1 0.096875
6 0.4 0.5828125 0.096875 0.0953125