12 0.64609375 0.94296875 0.065625 0.071875
8 0.31171875 0.528125 0.065625 0.0734375
8 0.63125 0.55234375 0.065625 0.0703125
11 0.53046875 0.30234375 0.0703125 0.06875
11 0.23515625 0.7875 0.06875 0.06875
13 0.4375 0.40390625 0.071875 0.065625
13 0.2359375 0.63984375 0.071875 0.06875
10 0.1171875 0.74375 0.0859375 0.0765625
10 0.1859375 0.546875 0.065625 0.0703125
9 0.84921875 0.32734375 0.06875 0.0703125
9 0.7203125 0.3171875 0.06875 0.06875
14 0.38203125 0.76328125 0.071875 0.0703125
14 0.55703125 0.65078125 0.0671875 0.075
14 0.40859375 0.6078125 0.0734375 0.0703125
14 0.44921875 0.1421875 0.0703125 0.078125
14 0.56875 0.20703125 0.0765625 0.075
4 0.70234375 0.6546875 0.06875 0.071875
0 0.67734375 0.7921875 0.0671875 0.0640625
0 0.79453125 0.42734375 0.0734375 0.075
3 0.77265625 0.6 0.0640625 0.0703125
3 0.428125 0.8984375 0.0734375 0.075
5 0.7265625 0.496875 0.075 0.0765625
5 0.51328125 0.49296875 0.0640625 0.0671875
2 0.33203125 0.35625 0.0703125 0.0734375
2 0.26953125 0.26875 0.0703125 0.0703125
1 0.475 0.72890625 0.071875 0.06875
1 0.22578125 0.43125 0.0734375 0.071875
6 0.31875 0.13671875 0.071875 0.0703125
6 0.39453125 0.228125 0.0578125 0.0625
6 0.753125 0.21171875 0.06875 0.0703125
6 0.6140625 0.403125 0.06875 0.071875
6 0.5328125 0.82265625 0.075 0.0734375