7 0.07109375 0.140625 0.065625 0.059375
7 0.16171875 0.12578125 0.05625 0.0609375
7 0.2484375 0.10625 0.0515625 0.0578125
7 0.33828125 0.09375 0.0703125 0.065625
7 0.70234375 0.0390625 0.059375 0.0703125
7 0.79375 0.02734375 0.053125 0.0546875
7 0.08203125 0.2171875 0.0671875 0.0578125
7 0.16953125 0.203125 0.0515625 0.0546875
7 0.2640625 0.18984375 0.046875 0.0609375
7 0.35546875 0.175 0.0546875 0.0640625
7 0.534375 0.15234375 0.05625 0.0625
7 0.628125 0.14140625 0.053125 0.0609375
7 0.71640625 0.12421875 0.05625 0.05625
7 0.8109375 0.10546875 0.059375 0.0703125
7 0.09453125 0.3015625 0.059375 0.0625
7 0.184375 0.290625 0.0625 0.0640625
7 0.278125 0.27734375 0.0546875 0.0546875
7 0.3671875 0.2640625 0.059375 0.0578125
7 0.54765625 0.2359375 0.0546875 0.0546875
7 0.6375 0.225 0.065625 0.0640625
7 0.73046875 0.21015625 0.059375 0.059375
7 0.290625 0.3640625 0.0515625 0.0609375
7 0.38203125 0.35078125 0.065625 0.05
7 0.5609375 0.3234375 0.0625 0.0640625
7 0.64921875 0.303125 0.065625 0.06875
7 0.74453125 0.29453125 0.0546875 0.0625
7 0.834375 0.2796875 0.053125 0.0671875
7 0.121875 0.471875 0.0578125 0.059375
7 0.209375 0.4609375 0.0625 0.0515625
7 0.29921875 0.446875 0.065625 0.0578125
7 0.48046875 0.41796875 0.053125 0.05625
7 0.57265625 0.40234375 0.0515625 0.0546875
7 0.75078125 0.37578125 0.05625 0.05625
7 0.1359375 0.56171875 0.0484375 0.053125
7 0.2265625 0.5484375 0.046875 0.05
7 0.31796875 0.53359375 0.05 0.0484375
7 0.67890625 0.48203125 0.0484375 0.0515625
7 0.76953125 0.46875 0.05625 0.05625
7 0.859375 0.44765625 0.0484375 0.0546875
7 0.2375 0.63046875 0.05625 0.05625
7 0.32734375 0.615625 0.05625 0.0609375
7 0.4203125 0.60390625 0.053125 0.0578125
7 0.5140625 0.5890625 0.0671875 0.065625
7 0.6015625 0.575 0.046875 0.0578125
7 0.68828125 0.56171875 0.0671875 0.0640625
7 0.159375 0.73046875 0.053125 0.0609375
7 0.33984375 0.70078125 0.0578125 0.053125
7 0.61328125 0.659375 0.0546875 0.065625
7 0.703125 0.64765625 0.0578125 0.0578125
7 0.79375 0.6328125 0.0546875 0.0515625
7 0.884375 0.62109375 0.05625 0.0578125
7 0.1734375 0.8140625 0.0546875 0.05625
7 0.26484375 0.803125 0.05625 0.05625
7 0.35859375 0.78515625 0.05625 0.0609375
7 0.44140625 0.7734375 0.046875 0.05
7 0.628125 0.74375 0.05625 0.0609375
7 0.71796875 0.73125 0.0515625 0.0640625
7 0.89765625 0.70703125 0.053125 0.065625
7 0.1859375 0.89609375 0.04375 0.0484375
7 0.275 0.884375 0.053125 0.0484375
7 0.54765625 0.8421875 0.0515625 0.05
7 0.72734375 0.81171875 0.053125 0.05
7 0.81875 0.80390625 0.0640625 0.053125
7 0.909375 0.7875 0.0640625 0.059375
12 0.5421875 0.7625 0.0734375 0.0765625
8 0.4265625 0.68671875 0.075 0.0734375
8 0.6453125 0.82109375 0.06875 0.0703125
11 0.3625 0.8625 0.0703125 0.075
11 0.51640625 0.68046875 0.075 0.0765625
13 0.5859375 0.4921875 0.065625 0.065625
13 0.4109375 0.53125 0.071875 0.0734375
10 0.77890625 0.55078125 0.0671875 0.075
9 0.45859375 0.85390625 0.06875 0.0703125
9 0.81328125 0.72265625 0.075 0.0796875
14 0.8734375 0.53984375 0.075 0.078125
14 0.5015625 0.50625 0.0671875 0.0734375
14 0.15078125 0.64453125 0.0734375 0.075
4 0.43046875 0.08515625 0.0734375 0.075
0 0.521875 0.0703125 0.0734375 0.0765625
0 0.43984375 0.1609375 0.08125 0.0796875
3 0.45703125 0.240625 0.071875 0.0765625
3 0.6125 0.0609375 0.075 0.078125
5 0.25078125 0.71484375 0.071875 0.078125
5 0.82421875 0.19296875 0.0765625 0.0859375
2 0.209375 0.37734375 0.08125 0.0796875
1 0.39296875 0.4296875 0.0875 0.075
1 0.67265625 0.38515625 0.078125 0.075
6 0.1234375 0.38046875 0.08125 0.075
6 0.478125 0.32734375 0.0796875 0.078125
6 0.85234375 0.36328125 0.08125 0.0765625