12 0.425 0.77734375 0.06875 0.06875
8 0.62109375 0.73984375 0.065625 0.06875
8 0.15546875 0.25546875 0.071875 0.075
11 0.8625 0.66953125 0.0734375 0.06875
11 0.7390625 0.75 0.0703125 0.0734375
13 0.4015625 0.53203125 0.06875 0.0671875
13 0.67421875 0.24921875 0.065625 0.0703125
10 0.57734375 0.16484375 0.0734375 0.071875
10 0.409375 0.640625 0.0625 0.0703125
9 0.83984375 0.53671875 0.0734375 0.075
9 0.5953125 0.0484375 0.06875 0.06875
4 0.2921875 0.86015625 0.0703125 0.0640625
0 0.44296875 0.90390625 0.0796875 0.078125
0 0.31796875 0.46953125 0.071875 0.0671875
3 0.66953125 0.6078125 0.0765625 0.0765625
3 0.27734375 0.6765625 0.075 0.075
5 0.51484375 0.234375 0.0703125 0.071875
5 0.93125 0.7828125 0.078125 0.075
2 0.57734375 0.875 0.0796875 0.078125
2 0.665625 0.11875 0.075 0.0765625
1 0.14765625 0.471875 0.0796875 0.078125
1 0.50390625 0.70859375 0.075 0.0734375
14 0.2296875 0.5453125 0.0703125 0.071875
14 0.25 0.3984375 0.0765625 0.0828125
14 0.40546875 0.3859375 0.0765625 0.0765625
14 0.653125 0.3828125 0.075 0.0734375
14 0.73359375 0.490625 0.078125 0.0765625
6 0.246875 0.3 0.075 0.0765625
6 0.503125 0.44140625 0.075 0.0765625
6 0.553125 0.32734375 0.0796875 0.08125
6 0.56328125 0.52890625 0.078125 0.0734375
6 0.790625 0.37578125 0.0765625 0.0765625