12 0.36171875 0.4015625 0.0625 0.0703125
8 0.63828125 0.66328125 0.065625 0.06875
8 0.72265625 0.24140625 0.059375 0.065625
11 0.8515625 0.3015625 0.0640625 0.065625
11 0.840625 0.54453125 0.0640625 0.0625
13 0.6234375 0.26015625 0.0640625 0.0609375
13 0.5203125 0.26796875 0.0671875 0.0640625
10 0.56328125 0.37890625 0.06875 0.065625
10 0.78515625 0.3453125 0.065625 0.0625
9 0.5453125 0.61484375 0.0640625 0.0671875
9 0.57109375 0.50078125 0.0625 0.0625
14 0.19375 0.4453125 0.0609375 0.0703125
14 0.83671875 0.72109375 0.071875 0.06875
14 0.6984375 0.53515625 0.0671875 0.0625
14 0.46875 0.38515625 0.059375 0.0671875
14 0.3296875 0.490625 0.0609375 0.0609375
4 0.4109375 0.76171875 0.06875 0.0703125
0 0.12265625 0.559375 0.059375 0.0703125
0 0.28125 0.65546875 0.0703125 0.06875
3 0.265625 0.3296875 0.0625 0.0671875
3 0.63203125 0.45546875 0.0625 0.065625
5 0.5578125 0.73203125 0.0640625 0.065625
5 0.459375 0.47890625 0.0609375 0.059375
2 0.26875 0.2203125 0.065625 0.0703125
2 0.2546875 0.56015625 0.065625 0.0640625
1 0.69765625 0.75078125 0.0734375 0.06875
1 0.41484375 0.6734375 0.0640625 0.0640625
6 0.39921875 0.18828125 0.0609375 0.0671875
6 0.36015625 0.278125 0.0609375 0.065625
6 0.13203125 0.359375 0.0625 0.0640625
6 0.49375 0.56015625 0.059375 0.0609375
6 0.77265625 0.63515625 0.06875 0.0609375