12 0.63984375 0.40390625 0.0609375 0.06875
8 0.35859375 0.6609375 0.0640625 0.0671875
8 0.28203125 0.2375 0.0578125 0.0640625
11 0.15234375 0.2953125 0.0625 0.0640625
11 0.15859375 0.53828125 0.0625 0.0609375
13 0.38046875 0.2578125 0.0625 0.059375
13 0.48359375 0.26796875 0.065625 0.0625
10 0.4390625 0.378125 0.0671875 0.0640625
10 0.21796875 0.340625 0.0640625 0.0609375
9 0.45234375 0.6140625 0.0625 0.065625
9 0.42890625 0.49921875 0.0609375 0.0609375
14 0.80703125 0.45078125 0.059375 0.06875
14 0.159375 0.71484375 0.0703125 0.0671875
14 0.30078125 0.53203125 0.065625 0.0609375
14 0.53359375 0.3859375 0.0578125 0.065625
14 0.6703125 0.49375 0.059375 0.059375
4 0.584375 0.76328125 0.0671875 0.06875
0 0.8765625 0.565625 0.0578125 0.06875
0 0.715625 0.659375 0.06875 0.0671875
3 0.7375 0.33359375 0.0609375 0.065625
3 0.36875 0.453125 0.0609375 0.0640625
5 0.43828125 0.73125 0.0625 0.0640625
5 0.540625 0.4796875 0.059375 0.0578125
2 0.7359375 0.22421875 0.0640625 0.06875
2 0.74453125 0.5640625 0.0640625 0.0625
1 0.29765625 0.74765625 0.071875 0.0671875
1 0.58203125 0.675 0.0625 0.0625
6 0.60625 0.18984375 0.059375 0.065625
6 0.64375 0.28046875 0.059375 0.0640625
6 0.8703125 0.365625 0.0609375 0.0625
6 0.50546875 0.56015625 0.0578125 0.059375
6 0.225 0.63046875 0.0671875 0.059375