12 0.3328125 0.25078125 0.1515625 0.1484375
8 0.51484375 0.246875 0.146875 0.1375
11 0.6953125 0.25078125 0.1359375 0.1421875
13 0.60703125 0.409375 0.1421875 0.1359375
10 0.2453125 0.40859375 0.15 0.1375
9 0.42421875 0.41171875 0.1421875 0.14375
14 0.78359375 0.40703125 0.1296875 0.140625
4 0.33515625 0.6140625 0.146875 0.13125
0 0.51484375 0.615625 0.1375 0.140625
3 0.690625 0.61875 0.1390625 0.1359375
5 0.60546875 0.77265625 0.1265625 0.128125
2 0.25078125 0.76640625 0.1328125 0.134375
1 0.42578125 0.77265625 0.1296875 0.128125
6 0.77734375 0.77109375 0.1328125 0.13125