12 0.46328125 0.66484375 0.046875 0.0484375
8 0.57578125 0.45078125 0.04375 0.0515625
8 0.37734375 0.73359375 0.0453125 0.0484375
11 0.80390625 0.67890625 0.0515625 0.046875
11 0.58515625 0.32265625 0.0453125 0.0546875
13 0.1234375 0.46640625 0.05 0.046875
13 0.3703125 0.22265625 0.05 0.05
10 0.49921875 0.1984375 0.05 0.0546875
10 0.4359375 0.27109375 0.0484375 0.0453125
9 0.78125 0.4140625 0.0453125 0.046875
9 0.14375 0.60390625 0.0515625 0.05
14 0.2953125 0.31796875 0.04375 0.046875
14 0.390625 0.34296875 0.05625 0.059375
14 0.59765625 0.64296875 0.05625 0.0578125
14 0.56015625 0.70859375 0.0484375 0.05
14 0.33515625 0.43046875 0.05625 0.0578125
4 0.8421875 0.56484375 0.046875 0.05
0 0.14296875 0.53125 0.046875 0.0453125
0 0.29140625 0.80078125 0.05 0.0484375
3 0.5015625 0.359375 0.0484375 0.0484375
3 0.6453125 0.5609375 0.0484375 0.05
5 0.6703125 0.32421875 0.0515625 0.05
5 0.47421875 0.4546875 0.0515625 0.05
2 0.4390625 0.77265625 0.046875 0.0484375
2 0.51953125 0.5859375 0.0421875 0.0546875
1 0.3453125 0.6046875 0.05 0.05625
1 0.15390625 0.67265625 0.0484375 0.05
6 0.890625 0.4359375 0.0484375 0.0421875
6 0.8921875 0.6453125 0.0453125 0.0484375
6 0.4328125 0.565625 0.0453125 0.0453125
6 0.60078125 0.790625 0.046875 0.0515625
6 0.1921875 0.3828125 0.0546875 0.046875