12 0.6 0.50625 0.0671875 0.06875
8 0.2640625 0.571875 0.0734375 0.0765625
8 0.53828125 0.65546875 0.0703125 0.0625
11 0.6140625 0.2984375 0.071875 0.0671875
11 0.4265625 0.440625 0.065625 0.0703125
13 0.76640625 0.57890625 0.0625 0.065625
13 0.4859375 0.7703125 0.071875 0.065625
10 0.34609375 0.5921875 0.06875 0.0640625
10 0.4671875 0.69375 0.0640625 0.065625
9 0.76328125 0.46484375 0.06875 0.071875
9 0.35546875 0.6859375 0.071875 0.06875
14 0.48828125 0.59296875 0.06875 0.0671875
14 0.57109375 0.58125 0.0609375 0.0625
14 0.52265625 0.5125 0.0671875 0.0625
14 0.64453125 0.37421875 0.0578125 0.0625
14 0.7046875 0.63203125 0.065625 0.065625
4 0.58515625 0.428125 0.0640625 0.06875
0 0.553125 0.35234375 0.0671875 0.0734375
0 0.51015625 0.4328125 0.071875 0.0765625
3 0.29609375 0.46484375 0.0703125 0.06875
3 0.47109375 0.3578125 0.075 0.071875
5 0.64609375 0.571875 0.059375 0.065625
5 0.71875 0.396875 0.071875 0.071875
2 0.36328125 0.51015625 0.0609375 0.06875
2 0.415625 0.62890625 0.0640625 0.06875
1 0.796875 0.6546875 0.0765625 0.078125
1 0.609375 0.6875 0.078125 0.08125
6 0.5703125 0.76953125 0.0734375 0.075
6 0.7078125 0.51875 0.06875 0.065625
6 0.659375 0.4515625 0.071875 0.0671875
6 0.44296875 0.52109375 0.0734375 0.078125
6 0.21171875 0.47734375 0.071875 0.08125