7 0.23203125 0.121875 0.0453125 0.0578125
7 0.32578125 0.1203125 0.046875 0.0546875
7 0.8765625 0.12890625 0.05 0.05625
7 0.140625 0.2015625 0.0515625 0.0546875
7 0.23203125 0.20234375 0.0453125 0.0515625
7 0.32421875 0.20390625 0.05 0.0515625
7 0.41796875 0.20859375 0.0390625 0.046875
7 0.509375 0.2125 0.0609375 0.0484375
7 0.6 0.21171875 0.05625 0.0578125
7 0.69140625 0.2125 0.05625 0.05625
7 0.78125 0.2140625 0.0484375 0.05625
7 0.8765625 0.21328125 0.046875 0.0578125
7 0.1390625 0.28828125 0.0484375 0.0546875
7 0.4171875 0.29609375 0.0546875 0.05625
7 0.59765625 0.2984375 0.0453125 0.046875
7 0.87265625 0.2984375 0.0453125 0.0578125
7 0.23046875 0.38046875 0.05625 0.0515625
7 0.41484375 0.3828125 0.0421875 0.0546875
7 0.59921875 0.38515625 0.046875 0.05
7 0.7796875 0.384375 0.059375 0.05625
7 0.1390625 0.4640625 0.0515625 0.0484375
7 0.22890625 0.46328125 0.0515625 0.05
7 0.3234375 0.46640625 0.0484375 0.046875
7 0.4171875 0.46484375 0.0546875 0.05
7 0.50625 0.46875 0.0484375 0.0453125
7 0.59453125 0.465625 0.0453125 0.0421875
7 0.690625 0.46953125 0.05 0.046875
7 0.7796875 0.46640625 0.0484375 0.046875
7 0.8671875 0.46953125 0.04375 0.0578125
7 0.1390625 0.55390625 0.0484375 0.0484375
7 0.23203125 0.55234375 0.0453125 0.0453125
7 0.321875 0.55546875 0.0421875 0.0515625
7 0.41484375 0.55546875 0.0453125 0.0515625
7 0.50390625 0.55625 0.0578125 0.05
7 0.5953125 0.55625 0.046875 0.046875
7 0.68828125 0.5609375 0.0484375 0.05
7 0.77734375 0.55625 0.05 0.046875
7 0.8671875 0.55859375 0.046875 0.0484375
7 0.2296875 0.63671875 0.046875 0.05
7 0.41484375 0.640625 0.0453125 0.0515625
7 0.590625 0.640625 0.05 0.0515625
7 0.77734375 0.64140625 0.05 0.0546875
7 0.1375 0.72421875 0.0484375 0.0453125
7 0.3171875 0.72265625 0.0453125 0.05
7 0.4125 0.725 0.05 0.05
7 0.59453125 0.72578125 0.0515625 0.0515625
7 0.78125 0.728125 0.059375 0.0578125
7 0.8640625 0.73046875 0.0484375 0.059375
7 0.13984375 0.8078125 0.0546875 0.04375
7 0.2296875 0.809375 0.046875 0.040625
7 0.32265625 0.80546875 0.046875 0.0484375
7 0.41015625 0.80859375 0.0453125 0.0484375
7 0.50234375 0.8078125 0.0640625 0.05
7 0.59375 0.809375 0.05 0.046875
7 0.6828125 0.8109375 0.0453125 0.0546875
7 0.771875 0.81328125 0.0546875 0.0546875
7 0.86328125 0.8109375 0.05 0.05
7 0.859375 0.8921875 0.0515625 0.0515625
12 0.50625 0.8859375 0.059375 0.06875
8 0.59140625 0.88828125 0.059375 0.0640625
8 0.4203125 0.884375 0.0625 0.0625
11 0.32265625 0.8921875 0.0546875 0.0625
11 0.69609375 0.88828125 0.0625 0.0640625
13 0.68515625 0.7296875 0.0609375 0.0609375
13 0.22578125 0.8890625 0.059375 0.059375
10 0.12890625 0.8859375 0.059375 0.059375
10 0.771875 0.896875 0.0609375 0.0625
9 0.23203125 0.73046875 0.059375 0.0625
9 0.509375 0.73125 0.0578125 0.0578125
14 0.13515625 0.634375 0.0609375 0.0625
14 0.31875 0.6390625 0.05625 0.05625
14 0.4953125 0.640625 0.05625 0.0625
14 0.67734375 0.6453125 0.0578125 0.05625
14 0.85859375 0.6484375 0.0578125 0.065625
4 0.51640625 0.12578125 0.059375 0.06875
0 0.6015625 0.12734375 0.0515625 0.065625
0 0.428125 0.12421875 0.059375 0.065625
3 0.69453125 0.13046875 0.0625 0.065625
3 0.50703125 0.29765625 0.0609375 0.06875
5 0.690625 0.290625 0.0609375 0.059375
5 0.3265625 0.28515625 0.065625 0.0640625
2 0.1328125 0.115625 0.0671875 0.06875
2 0.78828125 0.125 0.0609375 0.0703125
1 0.23046875 0.29765625 0.06875 0.071875
1 0.79609375 0.29140625 0.06875 0.0703125
6 0.13984375 0.3765625 0.0703125 0.0734375
6 0.325 0.37734375 0.0625 0.065625
6 0.50390625 0.3828125 0.0671875 0.0609375
6 0.69453125 0.3828125 0.065625 0.0703125
6 0.871875 0.3875 0.0609375 0.06875