12 0.38046875 0.290625 0.0609375 0.0640625
8 0.3703125 0.759375 0.05625 0.0546875
8 0.24453125 0.60859375 0.0578125 0.0640625
11 0.15390625 0.46953125 0.0625 0.0625
11 0.6234375 0.36796875 0.059375 0.0578125
13 0.48984375 0.51796875 0.053125 0.0546875
13 0.28515625 0.24609375 0.05625 0.0578125
10 0.265625 0.32890625 0.0546875 0.0609375
10 0.3734375 0.3734375 0.0625 0.065625
9 0.52265625 0.240625 0.0546875 0.05625
9 0.7875 0.5546875 0.059375 0.059375
14 0.690625 0.5140625 0.0578125 0.05625
14 0.684375 0.42421875 0.0609375 0.059375
14 0.23671875 0.5203125 0.0546875 0.0578125
14 0.20390625 0.4046875 0.053125 0.0578125
14 0.1953125 0.2984375 0.0609375 0.0640625
4 0.728125 0.73203125 0.0671875 0.0671875
0 0.65 0.5640625 0.0609375 0.059375
0 0.37265625 0.57890625 0.05625 0.0609375
3 0.4890625 0.79765625 0.0625 0.065625
3 0.33359375 0.5140625 0.059375 0.065625
5 0.36171875 0.1796875 0.059375 0.0640625
5 0.16953125 0.55703125 0.0609375 0.0640625
2 0.55 0.59453125 0.0578125 0.0578125
2 0.5984375 0.7703125 0.0609375 0.0625
1 0.60859375 0.45546875 0.0578125 0.0546875
1 0.54765625 0.50546875 0.0515625 0.0546875
6 0.46640625 0.196875 0.0625 0.0625
6 0.44609375 0.3484375 0.0609375 0.059375
6 0.5234375 0.42890625 0.0546875 0.0609375
6 0.4109375 0.51796875 0.0515625 0.0546875
6 0.459375 0.5875 0.059375 0.059375