12 0.5015625 0.259375 0.0734375 0.0734375
8 0.2578125 0.659375 0.065625 0.065625
8 0.22421875 0.46640625 0.0703125 0.0703125
11 0.215625 0.30078125 0.0734375 0.0734375
11 0.67265625 0.446875 0.06875 0.06875
13 0.4828125 0.51015625 0.0625 0.0625
13 0.44140625 0.17265625 0.065625 0.065625
10 0.3828125 0.234375 0.0671875 0.0671875
10 0.45390625 0.32734375 0.0734375 0.0734375
9 0.64921875 0.28671875 0.065625 0.065625
9 0.721875 0.69140625 0.06875 0.06875
14 0.65859375 0.60703125 0.065625 0.065625
14 0.69765625 0.5265625 0.0703125 0.0703125
14 0.26171875 0.3859375 0.065625 0.065625
14 0.29140625 0.26953125 0.0640625 0.0640625
14 0.33671875 0.17265625 0.0734375 0.0734375
4 0.58125 0.81484375 0.078125 0.078125
0 0.59765625 0.63046875 0.0703125 0.0703125
0 0.35 0.5046875 0.06875 0.06875
3 0.3421875 0.75234375 0.075 0.075
3 0.34921875 0.42890625 0.0734375 0.0734375
5 0.540625 0.153125 0.071875 0.071875
5 0.18515625 0.38359375 0.0734375 0.0734375
2 0.49609375 0.60703125 0.0671875 0.0671875
2 0.45 0.7828125 0.071875 0.071875
1 0.61640625 0.515625 0.065625 0.065625
1 0.53828125 0.52890625 0.0625 0.0625
6 0.621875 0.2203125 0.0734375 0.0734375
6 0.52890625 0.34140625 0.0703125 0.0703125
6 0.55625 0.45 0.0671875 0.0671875
6 0.4140625 0.47109375 0.0625 0.0625
6 0.42109375 0.55546875 0.06875 0.06875