7 0.271875 0.12109375 0.0890625 0.0890625
7 0.0734375 0.31484375 0.0890625 0.0890625
7 0.51875 0.01796875 0.084375 0.0359375
7 0.390625 0.12265625 0.0875 0.0875
7 0.3234375 0.18125 0.0796875 0.0796875
7 0.196875 0.31328125 0.0890625 0.0890625
7 0.128125 0.37265625 0.084375 0.0859375
7 0.0640625 0.4390625 0.0890625 0.0890625
7 0.51796875 0.11875 0.0890625 0.0890625
7 0.3859375 0.246875 0.0890625 0.0890625
7 0.32109375 0.3140625 0.078125 0.0765625
7 0.25703125 0.37421875 0.084375 0.084375
7 0.18984375 0.43515625 0.08125 0.08125
7 0.0609375 0.5625 0.08125 0.08125
7 0.58046875 0.1828125 0.0796875 0.0796875
7 0.45234375 0.3078125 0.08125 0.08125
7 0.31796875 0.43828125 0.0734375 0.0734375
7 0.18515625 0.56171875 0.08125 0.08125
7 0.7 0.18203125 0.078125 0.078125
7 0.6359375 0.240625 0.075 0.075
7 0.50625 0.36171875 0.0796875 0.0796875
7 0.44296875 0.43203125 0.078125 0.078125
7 0.3703125 0.49296875 0.075 0.075
7 0.30703125 0.56015625 0.0796875 0.0796875
7 0.24609375 0.61484375 0.06875 0.06875
7 0.178125 0.6828125 0.08125 0.08125
7 0.759375 0.246875 0.0734375 0.0734375
7 0.696875 0.30859375 0.08125 0.08125
7 0.5671875 0.43515625 0.084375 0.084375
7 0.5 0.49453125 0.0765625 0.0765625
7 0.43515625 0.559375 0.0796875 0.0796875
7 0.37109375 0.621875 0.0765625 0.0765625
7 0.309375 0.68359375 0.0890625 0.0890625
7 0.2390625 0.7515625 0.08125 0.08125
7 0.7546875 0.37109375 0.0765625 0.078125
7 0.6890625 0.43359375 0.0734375 0.0734375
7 0.62578125 0.49296875 0.075 0.075
7 0.49453125 0.61484375 0.0703125 0.0703125
7 0.3671875 0.74609375 0.08125 0.08125
7 0.8140625 0.428125 0.0859375 0.0859375
7 0.75546875 0.4859375 0.0796875 0.0796875
7 0.68671875 0.55390625 0.078125 0.0765625
7 0.61953125 0.6171875 0.084375 0.084375
7 0.5546875 0.67890625 0.0859375 0.0859375
7 0.48671875 0.74296875 0.0828125 0.0828125
7 0.42265625 0.80703125 0.0796875 0.0796875
7 0.36015625 0.8671875 0.084375 0.084375
7 0.940625 0.42421875 0.0765625 0.0765625
7 0.8765625 0.48515625 0.0828125 0.0828125
7 0.809375 0.553125 0.0859375 0.0859375
7 0.7453125 0.6140625 0.08125 0.08125
7 0.67734375 0.68125 0.0859375 0.084375
7 0.6109375 0.74140625 0.0796875 0.0796875
7 0.54453125 0.80390625 0.078125 0.078125
7 0.48125 0.865625 0.0921875 0.0921875
7 0.41796875 0.93203125 0.08125 0.08125
7 0.978125 0.48515625 0.04375 0.0765625
12 0.73671875 0.73515625 0.0921875 0.0921875
8 0.7953125 0.67734375 0.090625 0.090625
8 0.66875 0.79375 0.0875 0.0875
11 0.59921875 0.8671875 0.0859375 0.0859375
11 0.86484375 0.61171875 0.084375 0.084375
13 0.53671875 0.9296875 0.084375 0.084375
13 0.884375 0.36875 0.0875 0.0875
10 0.93203125 0.5453125 0.090625 0.090625
10 0.46484375 0.97890625 0.0890625 0.0421875
9 0.37109375 0.37578125 0.0890625 0.0890625
9 0.45390625 0.05078125 0.084375 0.084375
14 0.62734375 0.37109375 0.0875 0.0875
14 0.81953125 0.3109375 0.0890625 0.0890625
14 0.5625 0.54609375 0.0921875 0.0921875
14 0.41875 0.68203125 0.0921875 0.0921875
14 0.2953125 0.80625 0.0984375 0.0984375
4 0.20078125 0.18671875 0.096875 0.096875
0 0.1359375 0.25703125 0.0921875 0.0921875
0 0.25625 0.24296875 0.096875 0.0953125
3 0.56015625 0.30078125 0.09375 0.09375
3 0.33203125 0.059375 0.0921875 0.0921875
5 0.5765625 0.04921875 0.0921875 0.0921875
5 0.0234375 0.384375 0.046875 0.09375
2 0.021875 0.4984375 0.04375 0.096875
2 0.3984375 0.0203125 0.096875 0.040625
1 0.44453125 0.18046875 0.09375 0.09375
1 0.12421875 0.49140625 0.096875 0.096875
6 0.6296875 0.1171875 0.0921875 0.0921875
6 0.51484375 0.2328125 0.1 0.1
6 0.2484375 0.4921875 0.1015625 0.1015625
6 0.1203125 0.62578125 0.103125 0.103125