12 0.89921875 0.615625 0.0734375 0.0703125
8 0.7953125 0.56796875 0.06875 0.0671875
8 0.3046875 0.60546875 0.0703125 0.0671875
11 0.71015625 0.61171875 0.0734375 0.0734375
11 0.38984375 0.3453125 0.0671875 0.06875
13 0.64453125 0.696875 0.0703125 0.0703125
13 0.61640625 0.26484375 0.075 0.06875
10 0.5625 0.64375 0.071875 0.0703125
10 0.51484375 0.2890625 0.0625 0.0625
9 0.31875 0.3078125 0.0703125 0.071875
9 0.7953125 0.3640625 0.078125 0.06875
14 0.85390625 0.459375 0.0734375 0.06875
14 0.70703125 0.490625 0.078125 0.0703125
14 0.66171875 0.3765625 0.071875 0.071875
14 0.7703125 0.77734375 0.06875 0.0671875
14 0.43515625 0.80859375 0.0703125 0.0703125
4 0.2546875 0.49453125 0.071875 0.075
0 0.29140625 0.38671875 0.065625 0.065625
0 0.2359375 0.26875 0.0734375 0.0734375
3 0.446875 0.4359375 0.06875 0.0734375
3 0.72109375 0.275 0.0734375 0.075
5 0.57421875 0.5296875 0.078125 0.0765625
5 0.47421875 0.1796875 0.075 0.075
2 0.40625 0.5640625 0.0703125 0.0671875
2 0.3640625 0.47421875 0.06875 0.0671875
1 0.48671875 0.53203125 0.0671875 0.0703125
1 0.221875 0.3546875 0.0671875 0.06875
6 0.54375 0.4140625 0.0703125 0.0703125
6 0.45390625 0.62265625 0.0703125 0.0703125
6 0.5375 0.753125 0.0734375 0.075
6 0.36015625 0.7078125 0.0734375 0.0734375
6 0.31015625 0.81328125 0.075 0.0734375