1 0.6296875 0.05859375 0.1015625 0.103125
1 0.81875 0.39609375 0.109375 0.1109375
6 0.7609375 0.28671875 0.103125 0.1078125
6 0.71484375 0.4921875 0.1015625 0.103125
6 0.784375 0.578125 0.1140625 0.1171875
6 0.10390625 0.5234375 0.115625 0.1140625
6 0.575 0.45390625 0.1015625 0.1015625
9 0.7140625 0.396875 0.0859375 0.0875
9 0.21484375 0.79453125 0.1015625 0.1015625
2 0.39609375 0.209375 0.1046875 0.1046875
2 0.49296875 0.9234375 0.1140625 0.1140625
11 0.1109375 0.69375 0.109375 0.109375
11 0.90234375 0.28671875 0.1046875 0.10625
14 0.6890625 0.140625 0.10625 0.10625
14 0.4875 0.29140625 0.10625 0.1078125
14 0.51171875 0.7609375 0.109375 0.109375
14 0.36328125 0.8421875 0.1171875 0.11875
14 0.240625 0.39453125 0.128125 0.1296875
5 0.54140625 0.62109375 0.1 0.1
5 0.45 0.42578125 0.11875 0.11875
10 0.36015625 0.36171875 0.1015625 0.103125
13 0.67578125 0.26171875 0.09375 0.09375
13 0.36953125 0.6859375 0.1109375 0.109375
3 0.23046875 0.628125 0.1109375 0.1109375
3 0.61328125 0.33515625 0.1109375 0.1109375
8 0.575 0.21875 0.084375 0.084375
8 0.628125 0.68515625 0.109375 0.10625
0 0.41953125 0.5796875 0.1125 0.1125
0 0.315625 0.26015625 0.115625 0.115625
10 0.62421875 0.55234375 0.103125 0.1015625
12 0.3359375 0.5171875 0.103125 0.1046875
4 0.2140625 0.4953125 0.0984375 0.0984375