1 0.684375 0.078125 0.0671875 0.078125
1 0.32265625 0.215625 0.075 0.08125
6 0.4375 0.16875 0.059375 0.090625
6 0.340625 0.35625 0.0703125 0.075
6 0.23203125 0.37734375 0.0734375 0.090625
6 0.78828125 0.77265625 0.0890625 0.0734375
6 0.47265625 0.41640625 0.0734375 0.0703125
9 0.40234375 0.28359375 0.0578125 0.065625
9 0.52890625 0.90859375 0.0703125 0.0734375
2 0.76640625 0.34453125 0.075 0.0734375
2 0.23359375 0.82890625 0.08125 0.08125
11 0.6734375 0.8984375 0.078125 0.078125
11 0.32890625 0.078125 0.0671875 0.0828125
14 0.5859375 0.103125 0.075 0.075
14 0.64375 0.3484375 0.065625 0.0859375
14 0.3234375 0.6921875 0.078125 0.078125
14 0.38515625 0.85 0.08125 0.0859375
14 0.76640625 0.5859375 0.0859375 0.096875
5 0.390625 0.56640625 0.075 0.0671875
5 0.5859375 0.475 0.0859375 0.0828125
10 0.69609375 0.484375 0.0703125 0.075
13 0.51875 0.2046875 0.0640625 0.06875
13 0.48046875 0.7265625 0.0828125 0.0734375
3 0.62421875 0.77109375 0.08125 0.0765625
3 0.51953125 0.30078125 0.0765625 0.08125
8 0.6234375 0.23671875 0.059375 0.0609375
8 0.2828125 0.559375 0.0859375 0.0671875
0 0.51015625 0.6125 0.0765625 0.0828125
0 0.7953125 0.43515625 0.0765625 0.0875
10 0.37109375 0.46015625 0.0734375 0.071875
12 0.61484375 0.61875 0.0671875 0.08125
4 0.721875 0.68046875 0.0671875 0.071875