12 0.43046875 0.35625 0.0578125 0.05625
8 0.69921875 0.6171875 0.059375 0.0578125
8 0.215625 0.6953125 0.065625 0.0578125
11 0.74609375 0.82265625 0.0578125 0.0546875
11 0.16328125 0.5078125 0.065625 0.05625
13 0.18984375 0.25546875 0.05625 0.0546875
13 0.30390625 0.30234375 0.059375 0.05625
10 0.14296875 0.6125 0.0640625 0.05625
10 0.33984375 0.5328125 0.05625 0.059375
9 0.6921875 0.19921875 0.0546875 0.059375
9 0.6109375 0.54140625 0.059375 0.0609375
14 0.7890625 0.67265625 0.05625 0.0546875
14 0.63828125 0.70625 0.0578125 0.05625
14 0.29921875 0.42890625 0.0625 0.0578125
14 0.6796875 0.44453125 0.065625 0.0625
14 0.428125 0.2640625 0.065625 0.0578125
4 0.68203125 0.32109375 0.0578125 0.0578125
0 0.76484375 0.4953125 0.0515625 0.059375
0 0.25 0.58671875 0.059375 0.05625
3 0.5328125 0.42265625 0.05625 0.0609375
3 0.37734375 0.6078125 0.059375 0.0625
5 0.4609375 0.67265625 0.059375 0.0609375
5 0.43515625 0.4609375 0.0609375 0.059375
2 0.53984375 0.69296875 0.0578125 0.059375
2 0.553125 0.84375 0.05 0.0578125
1 0.43515625 0.8421875 0.0609375 0.0609375
1 0.603125 0.2421875 0.059375 0.059375
6 0.39921875 0.16640625 0.0578125 0.059375
6 0.18515625 0.38515625 0.0578125 0.0546875
6 0.50234375 0.546875 0.0546875 0.0578125
6 0.32265625 0.75078125 0.0578125 0.0609375
6 0.2375 0.79609375 0.0671875 0.0625