14 0.784375 0.0984375 0.0796875 0.0734375
14 0.3796875 0.096875 0.0734375 0.0796875
14 0.525 0.415625 0.078125 0.075
14 0.24765625 0.40703125 0.06875 0.06875
14 0.3171875 0.803125 0.0734375 0.0734375
12 0.503125 0.07890625 0.0734375 0.075
0 0.6109375 0.14765625 0.0828125 0.0796875
0 0.41484375 0.228125 0.0796875 0.0828125
13 0.5328125 0.23203125 0.0765625 0.071875
13 0.79765625 0.3953125 0.078125 0.0765625
11 0.75859375 0.26875 0.08125 0.078125
11 0.625 0.35234375 0.0703125 0.0734375
10 0.32734375 0.28828125 0.0703125 0.0734375
10 0.68046875 0.8546875 0.078125 0.0765625
6 0.13828125 0.78046875 0.075 0.0734375
6 0.51328125 0.87890625 0.078125 0.0703125
6 0.36328125 0.4546875 0.08125 0.0765625
6 0.5359375 0.546875 0.0828125 0.0796875
6 0.21171875 0.51171875 0.06875 0.06875
3 0.2390625 0.62421875 0.0703125 0.071875
3 0.41875 0.55625 0.065625 0.065625
9 0.3859375 0.3765625 0.075 0.0734375
9 0.3640625 0.66953125 0.0765625 0.078125
1 0.54453125 0.72265625 0.0828125 0.0828125
1 0.39921875 0.93203125 0.0703125 0.065625
5 0.446875 0.78984375 0.0734375 0.06875
5 0.66328125 0.0421875 0.075 0.05
2 0.88828125 0.190625 0.071875 0.0765625
2 0.671875 0.49140625 0.0734375 0.06875
8 0.665625 0.659375 0.0703125 0.0734375
8 0.584375 0.9796875 0.078125 0.040625
4 0.2234375 0.9015625 0.0890625 0.08125