12 0.6359375 0.4609375 0.071875 0.071875
8 0.584375 0.765625 0.0703125 0.0734375
8 0.3875 0.78359375 0.08125 0.0734375
11 0.64453125 0.70703125 0.0703125 0.0703125
11 0.25703125 0.40859375 0.0796875 0.071875
13 0.40859375 0.61015625 0.071875 0.0734375
13 0.48359375 0.6375 0.075 0.075
10 0.51328125 0.46484375 0.071875 0.0765625
10 0.42578125 0.534375 0.0765625 0.075
9 0.24609375 0.61875 0.0765625 0.0765625
9 0.340625 0.53125 0.0734375 0.078125
14 0.659375 0.2921875 0.0671875 0.075
14 0.43125 0.4546875 0.078125 0.0765625
14 0.49453125 0.734375 0.0734375 0.0796875
14 0.3 0.69296875 0.0765625 0.075
14 0.26484375 0.4984375 0.078125 0.075
4 0.54609375 0.34609375 0.06875 0.078125
0 0.58828125 0.52421875 0.071875 0.06875
0 0.32734375 0.6109375 0.0765625 0.071875
3 0.34375 0.30390625 0.0828125 0.084375
3 0.56328125 0.6046875 0.0734375 0.071875
5 0.334375 0.45078125 0.0734375 0.078125
5 0.51953125 0.81171875 0.084375 0.071875
2 0.7296875 0.5296875 0.0734375 0.078125
2 0.5 0.5578125 0.075 0.0765625
1 0.7125 0.65078125 0.075 0.0796875
1 0.39921875 0.69296875 0.0765625 0.078125
6 0.459375 0.375 0.075 0.0765625
6 0.6125 0.3859375 0.075 0.078125
6 0.69765625 0.3703125 0.08125 0.0859375
6 0.64453125 0.6078125 0.0734375 0.084375
6 0.56796875 0.68515625 0.0796875 0.0765625