7 0.9796875 0.2078125 0.040625 0.065625
7 0.90546875 0.17890625 0.06875 0.0640625
7 0.43046875 0.0359375 0.0734375 0.071875
7 0.3390625 0.02109375 0.071875 0.0421875
7 0.96953125 0.29375 0.0609375 0.06875
7 0.87890625 0.265625 0.0734375 0.071875
7 0.78046875 0.2390625 0.0609375 0.065625
7 0.68984375 0.2109375 0.075 0.071875
7 0.59453125 0.1796875 0.0796875 0.0765625
7 0.5015625 0.15078125 0.0640625 0.0703125
7 0.4078125 0.121875 0.0734375 0.075
7 0.3171875 0.09296875 0.065625 0.0671875
7 0.22109375 0.06796875 0.0640625 0.0703125
7 0.94765625 0.38203125 0.065625 0.06875
7 0.85234375 0.35234375 0.0796875 0.0671875
7 0.76171875 0.3265625 0.071875 0.0734375
7 0.66171875 0.29921875 0.06875 0.0640625
7 0.4734375 0.24296875 0.0625 0.0640625
7 0.38359375 0.21484375 0.0703125 0.071875
7 0.284375 0.18359375 0.06875 0.0703125
7 0.19296875 0.15859375 0.0625 0.0671875
7 0.91875 0.4703125 0.075 0.075
7 0.8265625 0.44296875 0.06875 0.0703125
7 0.6359375 0.38671875 0.0734375 0.0765625
7 0.54140625 0.35859375 0.078125 0.0796875
7 0.4453125 0.32890625 0.06875 0.071875
7 0.2625 0.27265625 0.065625 0.0671875
7 0.79765625 0.5296875 0.0578125 0.059375
7 0.70703125 0.503125 0.0578125 0.0578125
7 0.60859375 0.47265625 0.0625 0.059375
7 0.5140625 0.4484375 0.075 0.0703125
7 0.4234375 0.41796875 0.0609375 0.065625
7 0.234375 0.3578125 0.0625 0.0640625
7 0.14375 0.3328125 0.05625 0.0625
7 0.8640625 0.65 0.0578125 0.0578125
7 0.77265625 0.6234375 0.065625 0.0609375
7 0.678125 0.590625 0.071875 0.0703125
7 0.584375 0.56484375 0.0640625 0.0609375
7 0.4890625 0.53515625 0.0734375 0.0703125
7 0.39296875 0.50703125 0.075 0.075
7 0.20703125 0.453125 0.0625 0.0671875
7 0.11328125 0.42109375 0.05625 0.0625
7 0.74375 0.70625 0.0625 0.0671875
7 0.459375 0.6203125 0.075 0.075
7 0.3671875 0.59140625 0.0546875 0.059375
7 0.26953125 0.56640625 0.071875 0.0734375
7 0.1828125 0.5359375 0.075 0.075
7 0.08828125 0.5109375 0.0671875 0.071875
7 0.80859375 0.82578125 0.059375 0.059375
7 0.71875 0.796875 0.078125 0.071875
7 0.6234375 0.76796875 0.0609375 0.0703125
7 0.525 0.74296875 0.078125 0.071875
7 0.34453125 0.68125 0.0703125 0.0703125
7 0.2484375 0.653125 0.071875 0.0671875
7 0.1515625 0.6234375 0.0765625 0.0796875
7 0.06328125 0.596875 0.0640625 0.0640625
7 0.784375 0.91484375 0.0578125 0.0578125
7 0.5953125 0.85546875 0.075 0.071875
7 0.50390625 0.82578125 0.0625 0.0640625
7 0.31640625 0.7671875 0.0734375 0.071875
7 0.22109375 0.73984375 0.0703125 0.075
7 0.12890625 0.715625 0.071875 0.071875
7 0.03515625 0.68671875 0.0703125 0.0734375
7 0.759375 0.98359375 0.065625 0.0328125
7 0.66640625 0.96796875 0.0703125 0.0640625
7 0.56953125 0.94453125 0.075 0.065625
7 0.4796875 0.91015625 0.078125 0.075
7 0.10234375 0.80078125 0.0703125 0.0640625
7 0.02421875 0.76875 0.0484375 0.065625
12 0.38671875 0.87578125 0.0796875 0.08125
8 0.28828125 0.85234375 0.0796875 0.0859375
8 0.4046875 0.7953125 0.0796875 0.08125
11 0.2 0.82109375 0.0828125 0.0859375
11 0.43359375 0.69765625 0.0734375 0.075
10 0.69765625 0.88984375 0.0765625 0.084375
9 0.35234375 0.303125 0.08125 0.084375
14 0.29453125 0.47578125 0.0765625 0.08125
14 0.3140625 0.3859375 0.06875 0.0765625
14 0.83125 0.74453125 0.084375 0.0875
4 0.62734375 0.0953125 0.0796875 0.0859375
0 0.53046875 0.07109375 0.0859375 0.0875
0 0.70625 0.128125 0.0828125 0.0859375
3 0.56171875 0.26015625 0.0859375 0.090625
3 0.8171875 0.153125 0.0890625 0.0875
5 0.7359375 0.41171875 0.078125 0.0828125
2 0.5515625 0.6515625 0.0703125 0.0765625
6 0.64453125 0.6796875 0.08125 0.0859375
6 0.89375 0.55390625 0.0828125 0.0828125
6 0.17109375 0.246875 0.0859375 0.0921875