12 0.68515625 0.61796875 0.0546875 0.059375
8 0.18203125 0.7796875 0.0578125 0.05625
8 0.3546875 0.6890625 0.05625 0.0578125
11 0.44765625 0.2171875 0.059375 0.05625
11 0.4296875 0.3265625 0.059375 0.0515625
13 0.2578125 0.45390625 0.059375 0.0515625
13 0.4796875 0.46328125 0.05 0.05
10 0.2453125 0.70234375 0.059375 0.059375
10 0.38203125 0.55859375 0.059375 0.0515625
9 0.30234375 0.30703125 0.05625 0.0515625
9 0.71015625 0.35546875 0.0578125 0.0546875
14 0.221875 0.5796875 0.0625 0.05625
14 0.52578125 0.86796875 0.059375 0.059375
14 0.29609375 0.79609375 0.059375 0.05625
14 0.575 0.52421875 0.0484375 0.05625
14 0.54375 0.7171875 0.0515625 0.05625
4 0.5 0.615625 0.0515625 0.05625
0 0.63984375 0.7546875 0.0546875 0.059375
0 0.59375 0.178125 0.0546875 0.05625
3 0.4453125 0.71171875 0.0546875 0.0546875
3 0.7484375 0.715625 0.059375 0.059375
5 0.7390625 0.84375 0.0609375 0.0609375
5 0.6375 0.91328125 0.05625 0.059375
2 0.75234375 0.21484375 0.0546875 0.0578125
2 0.57578125 0.3875 0.0546875 0.05625
1 0.19609375 0.36328125 0.065625 0.0546875
1 0.39609375 0.83671875 0.0578125 0.0625
6 0.3140625 0.1828125 0.05625 0.05625
6 0.5578125 0.2890625 0.0578125 0.05625
6 0.68046875 0.48828125 0.05 0.05625
6 0.7734375 0.5640625 0.0578125 0.0625
6 0.346875 0.421875 0.0546875 0.059375