12 0.71796875 0.475 0.0796875 0.08125
8 0.42890625 0.9171875 0.0796875 0.0796875
8 0.50625 0.73828125 0.0796875 0.0796875
11 0.28125 0.31328125 0.08125 0.08125
11 0.3359375 0.409375 0.078125 0.078125
13 0.2828125 0.61640625 0.078125 0.078125
13 0.4609375 0.484375 0.0703125 0.0703125
10 0.4296875 0.8171875 0.0828125 0.0828125
10 0.4453125 0.61953125 0.078125 0.078125
9 0.225 0.47421875 0.0765625 0.075
9 0.57265625 0.25546875 0.0796875 0.078125
14 0.334375 0.73671875 0.084375 0.0828125
14 0.7515625 0.76953125 0.0828125 0.0828125
14 0.528125 0.85859375 0.08125 0.08125
14 0.5734375 0.471875 0.0734375 0.0734375
14 0.6703125 0.64140625 0.075 0.0765625
4 0.57265625 0.58984375 0.075 0.0765625
0 0.76875 0.61015625 0.0796875 0.08125
0 0.3703125 0.190625 0.078125 0.078125
3 0.590625 0.69921875 0.0765625 0.0765625
3 0.82890625 0.5109375 0.0828125 0.0828125
5 0.90234375 0.61640625 0.0859375 0.0859375
5 0.8671875 0.734375 0.08125 0.08125
2 0.51640625 0.11953125 0.078125 0.0796875
2 0.48828125 0.36484375 0.078125 0.078125
1 0.178125 0.58515625 0.0859375 0.084375
1 0.63125 0.82734375 0.084375 0.084375
6 0.15625 0.3703125 0.0796875 0.0796875
6 0.4125 0.3 0.0796875 0.0796875
6 0.6328125 0.37734375 0.075 0.075
6 0.753125 0.37734375 0.084375 0.084375
6 0.33203125 0.5359375 0.0796875 0.08125