12 0.365625 0.5765625 0.0640625 0.065625
8 0.42265625 0.29375 0.0671875 0.06875
8 0.68515625 0.7734375 0.0765625 0.075
11 0.7796875 0.48125 0.071875 0.0734375
11 0.18828125 0.68203125 0.065625 0.0671875
13 0.33671875 0.3515625 0.0671875 0.0703125
13 0.57734375 0.28671875 0.0609375 0.0640625
10 0.73203125 0.3921875 0.075 0.078125
10 0.590625 0.57734375 0.071875 0.071875
9 0.790625 0.78671875 0.071875 0.071875
9 0.3546875 0.246875 0.071875 0.071875
14 0.13671875 0.3828125 0.0640625 0.0640625
14 0.13046875 0.5875 0.06875 0.0703125
14 0.83515625 0.42890625 0.0734375 0.0734375
14 0.715625 0.290625 0.06875 0.0734375
14 0.63671875 0.35234375 0.0734375 0.075
4 0.4203125 0.775 0.06875 0.0671875
0 0.24453125 0.3515625 0.0734375 0.0734375
0 0.4765625 0.3390625 0.0671875 0.0671875
3 0.52109375 0.77109375 0.0703125 0.075
3 0.57734375 0.4359375 0.0671875 0.0671875
5 0.496875 0.23515625 0.0734375 0.0765625
5 0.8375 0.57421875 0.065625 0.071875
2 0.5109375 0.67734375 0.0640625 0.065625
2 0.41171875 0.4015625 0.071875 0.071875
1 0.28203125 0.43203125 0.0703125 0.0671875
1 0.2640625 0.24609375 0.0640625 0.065625
6 0.6328125 0.22734375 0.06875 0.071875
6 0.86875 0.69921875 0.0640625 0.0703125
6 0.50078125 0.47890625 0.0609375 0.0609375
6 0.525 0.54921875 0.065625 0.065625
6 0.43671875 0.528125 0.0640625 0.0640625