7 0.1328125 0.07265625 0.0671875 0.0671875
7 0.590625 0.06796875 0.0609375 0.0578125
7 0.68125 0.07265625 0.05625 0.0640625
7 0.8640625 0.0671875 0.059375 0.0625
7 0.1328125 0.1546875 0.0671875 0.0609375
7 0.22421875 0.15390625 0.05625 0.059375
7 0.3171875 0.15 0.05625 0.0515625
7 0.40703125 0.15390625 0.05625 0.059375
7 0.5890625 0.15390625 0.0546875 0.059375
7 0.67890625 0.15546875 0.0640625 0.0625
7 0.7703125 0.15078125 0.0640625 0.0640625
7 0.865625 0.14921875 0.065625 0.0640625
7 0.13203125 0.240625 0.05625 0.0546875
7 0.40625 0.24296875 0.0546875 0.0546875
7 0.5875 0.2390625 0.046875 0.0578125
7 0.678125 0.2421875 0.05625 0.0515625
7 0.775 0.24296875 0.0546875 0.0640625
7 0.13828125 0.32734375 0.0578125 0.0609375
7 0.225 0.32578125 0.0546875 0.0578125
7 0.40625 0.328125 0.0546875 0.05625
7 0.50078125 0.3265625 0.0546875 0.065625
7 0.58984375 0.32578125 0.0625 0.0546875
7 0.7734375 0.328125 0.0609375 0.059375
7 0.1359375 0.41015625 0.0484375 0.0484375
7 0.221875 0.40859375 0.05625 0.0484375
7 0.31484375 0.40859375 0.0578125 0.0515625
7 0.40546875 0.41015625 0.0625 0.05625
7 0.58984375 0.40625 0.05625 0.0546875
7 0.67890625 0.409375 0.05 0.0578125
7 0.76953125 0.40703125 0.0421875 0.0484375
7 0.859375 0.4078125 0.0515625 0.0609375
7 0.22578125 0.49765625 0.05625 0.05
7 0.3140625 0.49609375 0.0515625 0.0546875
7 0.40703125 0.503125 0.05625 0.0484375
7 0.58828125 0.5 0.0515625 0.059375
7 0.76953125 0.503125 0.065625 0.065625
7 0.85859375 0.50078125 0.0609375 0.0546875
7 0.1375 0.578125 0.0515625 0.059375
7 0.221875 0.57734375 0.0515625 0.0578125
7 0.31640625 0.57890625 0.0703125 0.0578125
7 0.40546875 0.5765625 0.0515625 0.05625
7 0.58671875 0.584375 0.0484375 0.0609375
7 0.67890625 0.58203125 0.0640625 0.0515625
7 0.76953125 0.58515625 0.05625 0.05625
7 0.1328125 0.6703125 0.0546875 0.059375
7 0.221875 0.66640625 0.065625 0.059375
7 0.3140625 0.6703125 0.065625 0.059375
7 0.40546875 0.6703125 0.065625 0.05625
7 0.49609375 0.66796875 0.0671875 0.059375
7 0.5859375 0.66875 0.0578125 0.0578125
7 0.7703125 0.6703125 0.0671875 0.059375
7 0.8609375 0.6703125 0.0625 0.059375
7 0.134375 0.7546875 0.05625 0.059375
7 0.225 0.7546875 0.0578125 0.059375
7 0.3171875 0.75390625 0.06875 0.0609375
7 0.40546875 0.7515625 0.0515625 0.0515625
7 0.49765625 0.75546875 0.0578125 0.0546875
7 0.58984375 0.75234375 0.059375 0.0546875
7 0.6796875 0.7546875 0.0625 0.0515625
7 0.77109375 0.75234375 0.06875 0.0609375
7 0.86171875 0.7546875 0.05 0.05625
7 0.13515625 0.8359375 0.0546875 0.05
7 0.221875 0.8359375 0.0515625 0.0546875
7 0.31484375 0.83984375 0.0546875 0.0515625
7 0.76953125 0.8375 0.059375 0.046875
7 0.86171875 0.8359375 0.05 0.05
12 0.49375 0.8328125 0.0625 0.0609375
8 0.41015625 0.83203125 0.065625 0.065625
8 0.584375 0.82734375 0.0609375 0.0671875
11 0.6828125 0.8296875 0.06875 0.065625
13 0.67890625 0.66640625 0.0640625 0.06875
10 0.22734375 0.2359375 0.06875 0.0703125
9 0.48984375 0.496875 0.065625 0.065625
9 0.21796875 0.06171875 0.0703125 0.071875
14 0.1265625 0.490625 0.0671875 0.0671875
14 0.6796875 0.5 0.065625 0.071875
14 0.8609375 0.578125 0.06875 0.065625
14 0.48984375 0.57890625 0.065625 0.0734375
4 0.49921875 0.06796875 0.0703125 0.0671875
0 0.5 0.1453125 0.065625 0.0625
0 0.409375 0.0640625 0.0671875 0.06875
3 0.48359375 0.23046875 0.065625 0.06875
3 0.3140625 0.065625 0.06875 0.071875
5 0.7828125 0.0640625 0.065625 0.065625
2 0.5046875 0.4046875 0.0625 0.0609375
1 0.3203125 0.23671875 0.065625 0.065625
1 0.86796875 0.2390625 0.065625 0.0640625
6 0.31171875 0.32578125 0.0625 0.0640625
6 0.6796875 0.3203125 0.065625 0.065625
6 0.86171875 0.32578125 0.0671875 0.0671875