12 0.378125 0.28984375 0.0703125 0.0734375
8 0.5046875 0.43359375 0.065625 0.0703125
8 0.403125 0.434375 0.0703125 0.071875
11 0.7515625 0.2015625 0.078125 0.0765625
11 0.55859375 0.35390625 0.071875 0.0796875
13 0.6640625 0.85078125 0.0796875 0.0734375
13 0.6546875 0.3578125 0.0796875 0.071875
10 0.60234375 0.2546875 0.0671875 0.078125
10 0.540625 0.7109375 0.06875 0.075
9 0.33515625 0.70234375 0.075 0.071875
9 0.3234375 0.48984375 0.075 0.078125
14 0.50390625 0.1453125 0.0765625 0.0875
14 0.46484375 0.33515625 0.0703125 0.08125
14 0.64375 0.7546875 0.08125 0.071875
14 0.2875 0.61796875 0.078125 0.08125
14 0.42890625 0.66484375 0.0734375 0.078125
4 0.7171875 0.6953125 0.075 0.0859375
0 0.2265625 0.365625 0.0796875 0.078125
0 0.26796875 0.26484375 0.08125 0.071875
3 0.50078125 0.60078125 0.0734375 0.0734375
3 0.640625 0.5484375 0.065625 0.0796875
5 0.69921875 0.446875 0.075 0.0734375
5 0.503125 0.24453125 0.078125 0.0703125
2 0.45078125 0.753125 0.078125 0.078125
2 0.45390625 0.51328125 0.071875 0.071875
1 0.3234375 0.36875 0.071875 0.0734375
1 0.384375 0.58125 0.06875 0.0796875
6 0.61953125 0.659375 0.075 0.0796875
6 0.70390625 0.103125 0.078125 0.0875
6 0.55 0.51953125 0.0671875 0.084375
6 0.6 0.4390625 0.06875 0.0765625
6 0.340625 0.20078125 0.0828125 0.0875