12 0.36015625 0.3375 0.06875 0.0703125
8 0.28359375 0.5578125 0.0671875 0.0671875
8 0.8484375 0.5859375 0.08125 0.075
11 0.5359375 0.7953125 0.06875 0.0703125
11 0.48984375 0.64296875 0.0703125 0.0703125
13 0.72890625 0.61171875 0.06875 0.0703125
13 0.80546875 0.5015625 0.075 0.071875
10 0.778125 0.703125 0.0734375 0.075
10 0.84765625 0.38984375 0.0765625 0.0765625
9 0.234375 0.73203125 0.0796875 0.0796875
9 0.44453125 0.46328125 0.071875 0.0734375
14 0.64921875 0.7671875 0.071875 0.075
14 0.3453125 0.43359375 0.0671875 0.06875
14 0.43984375 0.25625 0.0703125 0.075
14 0.7046875 0.1984375 0.0765625 0.0734375
14 0.6578125 0.5625 0.06875 0.0671875
4 0.12421875 0.5515625 0.0734375 0.078125
0 0.22734375 0.246875 0.0734375 0.0734375
0 0.1296875 0.43046875 0.0734375 0.0734375
3 0.6109375 0.4734375 0.0703125 0.0703125
3 0.32265625 0.1921875 0.0734375 0.071875
5 0.14921875 0.703125 0.071875 0.0734375
5 0.57265625 0.5640625 0.06875 0.06875
2 0.19609375 0.60703125 0.0703125 0.06875
2 0.54921875 0.39375 0.071875 0.0734375
1 0.10625 0.31640625 0.0734375 0.0734375
1 0.36640625 0.78046875 0.078125 0.0734375
6 0.78671875 0.28671875 0.0796875 0.075
6 0.71484375 0.4265625 0.078125 0.0765625
6 0.5515625 0.225 0.0703125 0.0765625
6 0.4125 0.546875 0.06875 0.0703125
6 0.33203125 0.6453125 0.071875 0.0734375