7 0.184375 0.06015625 0.05625 0.06875
7 0.290625 0.05546875 0.059375 0.065625
7 0.49921875 0.05546875 0.0765625 0.06875
7 0.81640625 0.05703125 0.0765625 0.071875
7 0.921875 0.05859375 0.065625 0.06875
7 0.084375 0.15703125 0.0671875 0.065625
7 0.1859375 0.15546875 0.065625 0.06875
7 0.29140625 0.15625 0.0671875 0.0671875
7 0.39375 0.153125 0.065625 0.0703125
7 0.60390625 0.15390625 0.0609375 0.075
7 0.7078125 0.1578125 0.071875 0.0734375
7 0.81171875 0.153125 0.065625 0.0703125
7 0.91640625 0.1578125 0.06875 0.0703125
7 0.0828125 0.25390625 0.0609375 0.0640625
7 0.18828125 0.2546875 0.06875 0.0625
7 0.2921875 0.253125 0.05625 0.065625
7 0.39296875 0.253125 0.0578125 0.0625
7 0.6046875 0.25703125 0.059375 0.0578125
7 0.70859375 0.25703125 0.0703125 0.0609375
7 0.9171875 0.253125 0.0609375 0.06875
7 0.18671875 0.35234375 0.0703125 0.0671875
7 0.4984375 0.35390625 0.071875 0.0671875
7 0.60390625 0.35 0.0609375 0.059375
7 0.7140625 0.3546875 0.075 0.06875
7 0.815625 0.3546875 0.0625 0.065625
7 0.91328125 0.3515625 0.0625 0.071875
7 0.084375 0.4515625 0.0546875 0.0578125
7 0.1859375 0.446875 0.059375 0.0609375
7 0.29296875 0.4515625 0.0578125 0.0578125
7 0.3953125 0.45 0.0625 0.0640625
7 0.49765625 0.44765625 0.0609375 0.0625
7 0.60546875 0.44375 0.0609375 0.0609375
7 0.81015625 0.44921875 0.059375 0.05625
7 0.91796875 0.45078125 0.059375 0.0625
7 0.08359375 0.55234375 0.05625 0.059375
7 0.18828125 0.55390625 0.05625 0.05625
7 0.290625 0.54765625 0.0625 0.0625
7 0.39765625 0.553125 0.05 0.0609375
7 0.60546875 0.55234375 0.0578125 0.065625
7 0.7078125 0.54609375 0.0625 0.059375
7 0.81015625 0.55625 0.0484375 0.0578125
7 0.91640625 0.546875 0.065625 0.0703125
7 0.18671875 0.6484375 0.0640625 0.0625
7 0.2921875 0.64765625 0.0625 0.0609375
7 0.39296875 0.64765625 0.0578125 0.0640625
7 0.60546875 0.65234375 0.0609375 0.0625
7 0.81015625 0.6484375 0.065625 0.06875
7 0.1859375 0.74375 0.071875 0.06875
7 0.28984375 0.740625 0.0609375 0.0703125
7 0.3953125 0.74453125 0.059375 0.0640625
7 0.60078125 0.73984375 0.0578125 0.06875
7 0.815625 0.75078125 0.0625 0.0734375
7 0.915625 0.7453125 0.0640625 0.0625
7 0.08125 0.84609375 0.0671875 0.059375
7 0.184375 0.8421875 0.0625 0.0671875
7 0.39140625 0.83828125 0.0671875 0.065625
7 0.60390625 0.84140625 0.0609375 0.0625
7 0.70703125 0.84296875 0.0640625 0.065625
7 0.81328125 0.84453125 0.0609375 0.0625
7 0.91875 0.840625 0.0578125 0.0609375
7 0.0859375 0.94453125 0.0546875 0.0625
7 0.39140625 0.9421875 0.0640625 0.0671875
7 0.71015625 0.940625 0.0703125 0.0640625
7 0.815625 0.9421875 0.0625 0.0640625
7 0.9171875 0.94609375 0.0578125 0.06875
12 0.49765625 0.94765625 0.0703125 0.071875
8 0.6015625 0.94921875 0.075 0.075
8 0.49453125 0.853125 0.0703125 0.071875
11 0.4953125 0.7546875 0.06875 0.075
11 0.2890625 0.95 0.06875 0.0796875
13 0.71484375 0.753125 0.0640625 0.075
13 0.07578125 0.75546875 0.0734375 0.0671875
10 0.1734375 0.94765625 0.071875 0.075
10 0.49375 0.559375 0.071875 0.0734375
9 0.07734375 0.05625 0.0734375 0.0734375
14 0.07421875 0.653125 0.0703125 0.0734375
14 0.49453125 0.65390625 0.0671875 0.071875
14 0.9203125 0.6546875 0.065625 0.0671875
4 0.390625 0.05546875 0.06875 0.071875
0 0.60859375 0.053125 0.0796875 0.0765625
0 0.4984375 0.159375 0.065625 0.0765625
3 0.49765625 0.265625 0.0703125 0.0765625
3 0.71484375 0.05234375 0.0734375 0.075
5 0.290625 0.35390625 0.071875 0.0765625
5 0.7125 0.65390625 0.06875 0.078125
2 0.28359375 0.85 0.0703125 0.078125
2 0.39609375 0.35625 0.0734375 0.071875
1 0.82421875 0.2609375 0.0703125 0.0765625
6 0.71171875 0.4578125 0.0765625 0.078125
6 0.0796875 0.35546875 0.08125 0.0765625