12 0.31328125 0.29296875 0.075 0.075
8 0.5203125 0.54921875 0.075 0.0765625
8 0.58984375 0.20625 0.075 0.075
11 0.59921875 0.7515625 0.078125 0.078125
11 0.68125 0.87265625 0.071875 0.071875
13 0.4328125 0.371875 0.06875 0.06875
13 0.5671875 0.96953125 0.08125 0.0609375
10 0.24375 0.6109375 0.075 0.075
10 0.46328125 0.65546875 0.075 0.0765625
9 0.47578125 0.07109375 0.0765625 0.0765625
9 0.39609375 0.48125 0.071875 0.071875
14 0.38203125 0.1828125 0.078125 0.078125
14 0.13203125 0.2734375 0.0703125 0.0703125
14 0.96328125 0.56015625 0.0734375 0.0765625
14 0.49765625 0.29375 0.075 0.075
14 0.48046875 0.16875 0.075 0.075
4 0.8484375 0.45 0.0796875 0.0796875
0 0.15703125 0.47421875 0.078125 0.078125
0 0.9421875 0.678125 0.075 0.075
3 0.8046875 0.5390625 0.0703125 0.0703125
3 0.62734375 0.30078125 0.071875 0.071875
5 0.5546875 0.4203125 0.08125 0.08125
5 0.6546875 0.57734375 0.0703125 0.0703125
2 0.2671875 0.4765625 0.0703125 0.0703125
2 0.3375 0.73125 0.0671875 0.0671875
1 0.23515625 0.3703125 0.071875 0.071875
1 0.71953125 0.44140625 0.0703125 0.0703125
6 0.12265625 0.38046875 0.071875 0.071875
6 0.75625 0.3125 0.06875 0.06875
6 0.359375 0.5890625 0.075 0.075
6 0.453125 0.809375 0.075 0.075
6 0.7984375 0.70859375 0.075 0.0765625