12 0.496875 0.484375 0.0828125 0.08125
8 0.8296875 0.60703125 0.071875 0.071875
8 0.7265625 0.740625 0.078125 0.0765625
11 0.44609375 0.67578125 0.078125 0.078125
11 0.278125 0.51640625 0.078125 0.078125
13 0.07421875 0.415625 0.078125 0.078125
13 0.1515625 0.57265625 0.078125 0.0796875
10 0.5984375 0.6984375 0.084375 0.084375
10 0.36953125 0.7921875 0.0796875 0.078125
9 0.32265625 0.41953125 0.0890625 0.0890625
9 0.44765625 0.39765625 0.0796875 0.0796875
14 0.1953125 0.2671875 0.0828125 0.0828125
14 0.36953125 0.13671875 0.0796875 0.0796875
14 0.5390625 0.18671875 0.078125 0.078125
14 0.8859375 0.67734375 0.0875 0.0875
14 0.4296875 0.31171875 0.0875 0.0859375
4 0.4046875 0.55703125 0.0859375 0.0859375
0 0.53828125 0.60078125 0.08125 0.08125
0 0.63671875 0.27421875 0.075 0.0765625
3 0.68984375 0.8953125 0.0890625 0.090625
3 0.2109375 0.4 0.0859375 0.0875
5 0.49140625 0.9421875 0.0859375 0.0875
5 0.8140625 0.48984375 0.0796875 0.08125
2 0.3171875 0.29765625 0.0859375 0.0859375
2 0.4828125 0.809375 0.084375 0.084375
1 0.5765625 0.84375 0.0828125 0.0828125
1 0.55546875 0.365625 0.0796875 0.078125
6 0.30859375 0.67109375 0.0828125 0.0828125
6 0.70703125 0.60703125 0.0875 0.0875
6 0.64296875 0.46875 0.0796875 0.0796875
6 0.73671875 0.41796875 0.08125 0.08125
6 0.44453125 0.1921875 0.0734375 0.071875