12 0.4734375 0.615625 0.0609375 0.0609375
8 0.725 0.2171875 0.0578125 0.0609375
8 0.58359375 0.19765625 0.0609375 0.0609375
11 0.76171875 0.78203125 0.065625 0.0640625
11 0.546875 0.69609375 0.0640625 0.0609375
13 0.3546875 0.64296875 0.059375 0.05625
13 0.3078125 0.278125 0.0609375 0.0609375
10 0.71875 0.55234375 0.059375 0.05625
10 0.2265625 0.5046875 0.0609375 0.0578125
9 0.453125 0.9109375 0.065625 0.0625
9 0.5 0.28515625 0.05625 0.059375
14 0.6484375 0.8640625 0.0625 0.0625
14 0.51640625 0.82265625 0.0609375 0.0625
14 0.77421875 0.346875 0.05625 0.059375
14 0.659375 0.3421875 0.053125 0.05625
14 0.5703125 0.546875 0.05625 0.0609375
4 0.3640625 0.81796875 0.0609375 0.0609375
0 0.44140625 0.51171875 0.0609375 0.0625
0 0.784375 0.6796875 0.05625 0.0625
3 0.56484375 0.38359375 0.05625 0.05625
3 0.8125 0.5859375 0.0640625 0.065625
5 0.578125 0.46171875 0.0609375 0.0578125
5 0.3328125 0.43828125 0.0609375 0.0609375
2 0.2640625 0.721875 0.0578125 0.0640625
2 0.3375 0.54765625 0.05625 0.059375
1 0.23671875 0.35234375 0.0546875 0.059375
1 0.63671875 0.6328125 0.059375 0.059375
6 0.43046875 0.18125 0.05625 0.0546875
6 0.39765625 0.3515625 0.059375 0.053125
6 0.70859375 0.4484375 0.05625 0.05625
6 0.42578125 0.7265625 0.0578125 0.0609375
6 0.63125 0.73671875 0.0609375 0.0625