12 0.24140625 0.61796875 0.0765625 0.078125
8 0.71875 0.56640625 0.078125 0.075
8 0.5421875 0.64375 0.0828125 0.0828125
11 0.6390625 0.740625 0.0828125 0.0828125
11 0.3421875 0.20625 0.0828125 0.0828125
13 0.2296875 0.50859375 0.084375 0.0828125
13 0.11328125 0.5734375 0.08125 0.0796875
10 0.24296875 0.41484375 0.08125 0.08125
10 0.54140625 0.5203125 0.0828125 0.0828125
9 0.2953125 0.8265625 0.084375 0.084375
9 0.8125 0.2421875 0.0859375 0.0875
14 0.553125 0.07265625 0.0765625 0.0765625
14 0.4609375 0.2828125 0.078125 0.0796875
14 0.27421875 0.32421875 0.0796875 0.078125
14 0.2109375 0.73515625 0.0796875 0.078125
14 0.57578125 0.79140625 0.078125 0.078125
4 0.36171875 0.4625 0.0796875 0.078125
0 0.47109375 0.8375 0.078125 0.078125
0 0.65625 0.45234375 0.075 0.078125
3 0.45546875 0.7109375 0.08125 0.08125
3 0.46796875 0.39296875 0.0828125 0.0859375
5 0.42890625 0.5484375 0.0734375 0.075
5 0.66328125 0.646875 0.078125 0.0796875
2 0.81171875 0.46484375 0.071875 0.075
2 0.340625 0.57578125 0.0765625 0.0765625
1 0.346875 0.69296875 0.075 0.075
1 0.4265625 0.11875 0.0765625 0.0765625
6 0.6375 0.18359375 0.0796875 0.0796875
6 0.53828125 0.19765625 0.0859375 0.0875
6 0.5953125 0.3109375 0.08125 0.0828125
6 0.71171875 0.3 0.08125 0.084375
6 0.8359375 0.3625 0.08125 0.08125