2 0.4890625 0.7546875 0.0859375 0.0875
2 0.72265625 0.35078125 0.08125 0.0828125
3 0.34453125 0.05 0.0828125 0.08125
3 0.71484375 0.9171875 0.0859375 0.0828125
6 0.5734375 0.99140625 0.071875 0.0171875
6 0.1421875 0.240625 0.1 0.0953125
6 0.2609375 0.60625 0.0796875 0.0796875
6 0.86328125 0.540625 0.0796875 0.0796875
6 0.86171875 0.8078125 0.0828125 0.0859375
14 0.56640625 0.065625 0.0984375 0.096875
14 0.578125 0.365625 0.075 0.0734375
14 0.4046875 0.4625 0.084375 0.084375
14 0.58359375 0.6609375 0.0796875 0.0828125
14 0.81015625 0.42109375 0.0796875 0.0796875
4 0.67890625 0.24375 0.0828125 0.0796875
12 0.840625 0.6765625 0.071875 0.071875
1 0.7109375 0.5515625 0.071875 0.071875
1 0.3078125 0.209375 0.090625 0.0890625
8 0.5265625 0.53671875 0.0828125 0.0796875
8 0.625 0.47734375 0.0765625 0.075
5 0.4265625 0.1046875 0.0859375 0.0875
5 0.54296875 0.875 0.0875 0.0859375
0 0.4390625 0.98984375 0.084375 0.0203125
0 0.496875 0.29921875 0.08125 0.0828125
9 0.559375 0.20234375 0.0828125 0.08125
9 0.14609375 0.44296875 0.0921875 0.09375
11 0.259375 0.375 0.08125 0.0828125
11 0.296875 0.4734375 0.09375 0.0921875
10 0.3921875 0.3390625 0.08125 0.084375
10 0.38046875 0.6359375 0.08125 0.0828125
13 0.31484375 0.78984375 0.090625 0.090625
13 0.6625 0.7390625 0.0890625 0.0890625