12 0.6390625 0.50234375 0.11875 0.11875
8 0.1078125 0.33125 0.1328125 0.13125
8 0.4109375 0.23203125 0.1234375 0.121875
11 0.4984375 0.746875 0.115625 0.115625
11 0.478125 0.47734375 0.10625 0.10625
13 0.82890625 0.75859375 0.11875 0.1171875
13 0.3828125 0.3234375 0.1171875 0.1171875
10 0.29453125 0.275 0.1234375 0.121875
10 0.6515625 0.36953125 0.1234375 0.121875
9 0.84765625 0.62265625 0.1203125 0.1203125
9 0.559375 0.346875 0.1171875 0.1171875
14 0.140625 0.6 0.134375 0.134375
14 0.740625 0.73046875 0.109375 0.109375
14 0.428125 0.559375 0.11875 0.1171875
14 0.3734375 0.4390625 0.1125 0.1125
14 0.65703125 0.59453125 0.11875 0.11875
4 0.3640625 0.14375 0.1328125 0.1328125
0 0.2875 0.38046875 0.1125 0.1140625
0 0.55234375 0.66640625 0.1234375 0.1234375
3 0.71796875 0.4390625 0.121875 0.121875
3 0.2140625 0.2125 0.13125 0.1328125
5 0.3375 0.52734375 0.125 0.1265625
5 0.75234375 0.6296875 0.1171875 0.11875
2 0.590625 0.778125 0.11875 0.11875
2 0.7328125 0.53125 0.115625 0.1140625
1 0.15 0.41875 0.1375 0.1359375
1 0.453125 0.38359375 0.128125 0.128125
6 0.24609375 0.4765625 0.115625 0.115625
6 0.50078125 0.259375 0.1265625 0.1265625
6 0.56875 0.440625 0.1203125 0.1203125
6 0.5453125 0.55 0.121875 0.1203125
6 0.6484375 0.69375 0.1171875 0.115625