12 0.34140625 0.66484375 0.065625 0.075
8 0.4953125 0.42265625 0.06875 0.0703125
8 0.42109375 0.5296875 0.0609375 0.065625
11 0.71328125 0.4890625 0.0671875 0.0734375
11 0.35546875 0.5671875 0.0703125 0.075
13 0.7515625 0.7265625 0.065625 0.0671875
13 0.67890625 0.76328125 0.0640625 0.06875
10 0.56796875 0.675 0.0609375 0.065625
10 0.4140625 0.6265625 0.0671875 0.0703125
9 0.62109375 0.82421875 0.065625 0.0671875
9 0.52109375 0.78828125 0.06875 0.0703125
14 0.521875 0.51640625 0.0671875 0.071875
14 0.765625 0.603125 0.0671875 0.06875
14 0.7109375 0.6546875 0.06875 0.0734375
14 0.46953125 0.7296875 0.0671875 0.0671875
4 0.3953125 0.8109375 0.06875 0.0734375
14 0.3296875 0.771875 0.075 0.0765625
0 0.47890625 0.5765625 0.06875 0.059375
0 0.5890625 0.74921875 0.0703125 0.0671875
3 0.6421875 0.69296875 0.065625 0.065625
3 0.64375 0.89765625 0.075 0.0703125
5 0.55390625 0.87578125 0.075 0.065625
5 0.69375 0.56796875 0.0734375 0.0671875
2 0.56328125 0.59375 0.0671875 0.0734375
2 0.4796875 0.35 0.0703125 0.071875
1 0.3921875 0.72734375 0.06875 0.075
1 0.7078125 0.83671875 0.075 0.06875
6 0.62578125 0.5296875 0.075 0.078125
6 0.42109375 0.453125 0.0734375 0.0734375
6 0.28515625 0.6109375 0.0734375 0.075
6 0.4953125 0.65078125 0.06875 0.0640625
6 0.6359375 0.61953125 0.06875 0.075