14 0.61796875 0.09921875 0.1015625 0.1015625
14 0.69609375 0.921875 0.1015625 0.1015625
14 0.58828125 0.71328125 0.1015625 0.1015625
14 0.56328125 0.5703125 0.1015625 0.1015625
14 0.56171875 0.87421875 0.1015625 0.1015625
1 0.72578125 0.18515625 0.1015625 0.1015625
1 0.4296875 0.4375 0.1015625 0.1015625
6 0.3828125 0.77578125 0.1015625 0.1015625
6 0.73125 0.6328125 0.1015625 0.1015625
6 0.18046875 0.5796875 0.0828125 0.0828125
6 0.3296875 0.6140625 0.1015625 0.1015625
6 0.56875 0.20234375 0.1015625 0.1015625
5 0.57109375 0.3828125 0.1015625 0.1015625
5 0.709375 0.76484375 0.1015625 0.1015625
3 0.39609375 0.13828125 0.1015625 0.1015625
3 0.23203125 0.465625 0.1015625 0.1015625
0 0.7859375 0.46640625 0.1015625 0.1015625
0 0.7828125 0.3171875 0.1015625 0.1015625
11 0.659375 0.28046875 0.1015625 0.1015625
11 0.47265625 0.26328125 0.1015625 0.1015625
2 0.49375 0.1390625 0.1015625 0.1015625
2 0.41484375 0.5578125 0.1015625 0.1015625
10 0.31640625 0.39921875 0.1015625 0.1015625
8 0.26796875 0.8140625 0.1015625 0.1015625
8 0.46953125 0.759375 0.1015625 0.1015625
13 0.38984375 0.9140625 0.1015625 0.1015625
13 0.228125 0.24609375 0.1015625 0.1015625
9 0.35234375 0.25234375 0.1015625 0.1015625
9 0.41796875 0.6859375 0.1015625 0.1015625
12 0.7125 0.52109375 0.1015625 0.1015625
4 0.23515625 0.6875 0.1015625 0.1015625
10 0.17734375 0.86953125 0.0859375 0.084375