1 0.590625 0.0328125 0.109375 0.065625
1 0.77578125 0.4515625 0.109375 0.109375
9 0.72578125 0.27421875 0.109375 0.109375
9 0.384375 0.8921875 0.109375 0.109375
6 0.6203125 0.93828125 0.109375 0.109375
6 0.265625 0.61640625 0.109375 0.109375
6 0.44921875 0.153125 0.109375 0.109375
14 0.3421875 0.44765625 0.109375 0.109375
14 0.49921875 0.36484375 0.109375 0.109375
14 0.7390625 0.70390625 0.109375 0.109375
14 0.28046875 0.74921875 0.109375 0.109375
14 0.52109375 0.503125 0.109375 0.109375
6 0.63671875 0.5796875 0.109375 0.109375
5 0.7578125 0.58984375 0.109375 0.109375
5 0.63515625 0.41171875 0.109375 0.109375
2 0.5671875 0.2515625 0.109375 0.109375
6 0.58046875 0.14140625 0.109375 0.109375
2 0.31015625 0.16015625 0.109375 0.109375
13 0.40234375 0.2890625 0.109375 0.109375
13 0.55625 0.71796875 0.109375 0.109375
11 0.4125 0.62890625 0.109375 0.109375
11 0.2015625 0.19296875 0.109375 0.109375
10 0.41875 0.7671875 0.109375 0.109375
10 0.19140625 0.44140625 0.109375 0.109375
3 0.12890625 0.3171875 0.109375 0.109375
3 0.50546875 0.82734375 0.109375 0.109375
0 0.82578125 0.8375 0.109375 0.109375
0 0.103125 0.11171875 0.0734375 0.06875
8 0.2375 0.890625 0.109375 0.109375
8 0.66796875 0.80546875 0.109375 0.109375
4 0.425 0.9828125 0.08125 0.034375
12 0.23828125 0.30390625 0.071875 0.071875