12 0.65234375 0.58203125 0.0953125 0.1046875
8 0.46171875 0.83203125 0.1015625 0.1109375
8 0.38046875 0.55703125 0.0953125 0.103125
11 0.22734375 0.62578125 0.1046875 0.0984375
11 0.56640625 0.821875 0.1046875 0.103125
13 0.51796875 0.7421875 0.0984375 0.1046875
13 0.71640625 0.646875 0.0984375 0.096875
10 0.425 0.72734375 0.1015625 0.10625
10 0.51953125 0.65 0.0984375 0.1015625
9 0.80078125 0.57578125 0.0953125 0.09375
9 0.42890625 0.63671875 0.1015625 0.1015625
14 0.47578125 0.559375 0.0921875 0.096875
14 0.26015625 0.71328125 0.1015625 0.103125
14 0.33828125 0.640625 0.1015625 0.1046875
14 0.53203125 0.396875 0.096875 0.1
14 0.72421875 0.53046875 0.1015625 0.1015625
4 0.646875 0.78203125 0.1 0.10625
0 0.44609375 0.24140625 0.103125 0.1015625
0 0.71015625 0.36328125 0.09375 0.0984375
3 0.3859375 0.4703125 0.096875 0.1
3 0.5875 0.48671875 0.0953125 0.0984375
5 0.19140625 0.53671875 0.103125 0.1
5 0.73828125 0.76953125 0.10625 0.1171875
2 0.56328125 0.571875 0.09375 0.0984375
2 0.2921875 0.53984375 0.103125 0.109375
1 0.47109375 0.33515625 0.1046875 0.1046875
1 0.68359375 0.453125 0.103125 0.103125
6 0.603125 0.67890625 0.0984375 0.1046875
6 0.33828125 0.759375 0.109375 0.1046875
6 0.23671875 0.31015625 0.109375 0.1109375
6 0.61953125 0.38046875 0.1015625 0.1109375
6 0.48515625 0.46875 0.1046875 0.1015625