12 0.33203125 0.53984375 0.1078125 0.1125
8 0.45078125 0.83046875 0.115625 0.1203125
8 0.60078125 0.5859375 0.1078125 0.1125
11 0.73046875 0.6921875 0.1140625 0.1109375
11 0.353125 0.79375 0.115625 0.115625
13 0.41953125 0.72890625 0.1109375 0.1140625
13 0.253125 0.5859375 0.1078125 0.1078125
10 0.51328125 0.73828125 0.1140625 0.1171875
10 0.4421875 0.63984375 0.109375 0.1109375
9 0.18984375 0.4953125 0.10625 0.1046875
9 0.53359375 0.65078125 0.1125 0.1125
14 0.50859375 0.56328125 0.1046875 0.10625
14 0.67578125 0.76796875 0.1125 0.1140625
14 0.6203125 0.678125 0.1140625 0.115625
14 0.49609375 0.39140625 0.1078125 0.1109375
14 0.27578125 0.471875 0.1125 0.1125
4 0.28515625 0.734375 0.1140625 0.115625
0 0.61875 0.2640625 0.1140625 0.1125
0 0.33203125 0.31328125 0.10625 0.1078125
3 0.61796875 0.50078125 0.109375 0.109375
3 0.41953125 0.4640625 0.10625 0.1078125
5 0.7890625 0.615625 0.1140625 0.1125
5 0.2 0.69921875 0.121875 0.1265625
2 0.4203125 0.553125 0.10625 0.1078125
2 0.690625 0.5921875 0.115625 0.11875
1 0.5703125 0.3484375 0.115625 0.115625
1 0.33515625 0.40703125 0.1140625 0.1140625
6 0.35390625 0.64609375 0.1109375 0.1140625
6 0.5890625 0.7921875 0.1203125 0.1171875
6 0.80390625 0.384375 0.121875 0.1234375
6 0.415625 0.35390625 0.115625 0.1203125
6 0.52265625 0.4734375 0.115625 0.1140625