12 0.71875 0.53046875 0.0609375 0.0625
8 0.32265625 0.17421875 0.0640625 0.0671875
8 0.42578125 0.45859375 0.0609375 0.0578125
11 0.27265625 0.63046875 0.059375 0.059375
11 0.19296875 0.73203125 0.0671875 0.0671875
13 0.34375 0.68515625 0.059375 0.0609375
13 0.48359375 0.29921875 0.0640625 0.0671875
10 0.5875 0.284375 0.0625 0.065625
10 0.60234375 0.5125 0.0640625 0.0640625
9 0.26640625 0.8046875 0.0640625 0.0671875
9 0.29609375 0.51171875 0.065625 0.06875
14 0.71015625 0.215625 0.0671875 0.0671875
14 0.18984375 0.5640625 0.0625 0.0640625
14 0.578125 0.60234375 0.0625 0.0671875
14 0.70234375 0.83046875 0.0609375 0.0703125
14 0.67734375 0.38125 0.065625 0.06875
4 0.33359375 0.31171875 0.059375 0.065625
0 0.6109375 0.1734375 0.065625 0.06875
0 0.5265625 0.39765625 0.0625 0.065625
3 0.4828125 0.71328125 0.065625 0.06875
3 0.7828125 0.42890625 0.0671875 0.0671875
5 0.36328125 0.0546875 0.0703125 0.0703125
5 0.3921875 0.865625 0.0640625 0.0671875
2 0.36953125 0.575 0.06875 0.065625
2 0.64921875 0.690625 0.071875 0.0703125
1 0.565625 0.840625 0.071875 0.06875
1 0.3 0.42265625 0.0671875 0.0640625
6 0.46640625 0.171875 0.0734375 0.071875
6 0.81640625 0.2578125 0.0640625 0.0671875
6 0.73828125 0.3125 0.0625 0.065625
6 0.21171875 0.28515625 0.0640625 0.0640625
6 0.4859375 0.5671875 0.0609375 0.0625