12 0.68203125 0.3171875 0.06875 0.071875
8 0.165625 0.7265625 0.065625 0.0609375
8 0.76875 0.4890625 0.06875 0.06875
11 0.84609375 0.5859375 0.0625 0.0671875
11 0.54375 0.3515625 0.0625 0.065625
13 0.2671875 0.54375 0.06875 0.0734375
13 0.48515625 0.50859375 0.0609375 0.065625
10 0.4578125 0.74609375 0.0625 0.0671875
10 0.57578125 0.46484375 0.059375 0.0640625
9 0.6140625 0.62265625 0.0609375 0.065625
9 0.12265625 0.55546875 0.0703125 0.071875
14 0.759375 0.7484375 0.065625 0.065625
14 0.67890625 0.4203125 0.065625 0.065625
14 0.49375 0.628125 0.0609375 0.0640625
14 0.3359375 0.48125 0.0671875 0.065625
14 0.21328125 0.28671875 0.0671875 0.06875
4 0.675 0.525 0.0703125 0.0734375
0 0.50859375 0.28046875 0.0671875 0.071875
0 0.13828125 0.66640625 0.06875 0.0703125
3 0.7421875 0.59296875 0.06875 0.0734375
3 0.415625 0.53046875 0.0609375 0.06875
5 0.3546875 0.665625 0.06875 0.0609375
5 0.4328125 0.30234375 0.065625 0.06875
2 0.5875 0.5359375 0.065625 0.065625
2 0.25625 0.63828125 0.0703125 0.0703125
1 0.79765625 0.671875 0.0703125 0.0671875
1 0.390625 0.41015625 0.0671875 0.06875
6 0.1953125 0.36328125 0.06875 0.059375
6 0.78359375 0.3859375 0.065625 0.06875
6 0.83359375 0.49375 0.059375 0.0703125
6 0.53671875 0.765625 0.0703125 0.071875
6 0.28984375 0.796875 0.0671875 0.06875