0 0.821875 0.25625 0.0875 0.090625
12 0.2953125 0.74296875 0.0984375 0.0984375
14 0.5328125 0.04765625 0.1 0.0953125
6 0.40234375 0.1 0.09375 0.0921875
2 0.6390625 0.14921875 0.103125 0.1015625
10 0.64140625 0.325 0.0921875 0.0953125
9 0.82265625 0.390625 0.09375 0.1
1 0.74609375 0.45078125 0.0921875 0.084375
1 0.31796875 0.31640625 0.0953125 0.0953125
0 0.38125 0.21875 0.0953125 0.0875
8 0.625 0.61796875 0.09375 0.0921875
8 0.2921875 0.6125 0.0984375 0.0984375
13 0.13359375 0.7703125 0.096875 0.0984375
13 0.32421875 0.4796875 0.090625 0.090625
5 0.22734375 0.39609375 0.0890625 0.084375
11 0.196875 0.4828125 0.0890625 0.0890625
11 0.55546875 0.23359375 0.0953125 0.1
3 0.55625 0.41171875 0.078125 0.0828125
3 0.66015625 0.515625 0.084375 0.084375
2 0.725 0.603125 0.078125 0.0828125
9 0.44140625 0.35703125 0.0796875 0.084375
5 0.40703125 0.6078125 0.0828125 0.0859375
4 0.440625 0.90859375 0.0765625 0.08125
10 0.571875 0.9234375 0.0875 0.0875
14 0.11796875 0.6203125 0.1046875 0.096875
14 0.56875 0.7625 0.0828125 0.0875
14 0.68046875 0.7546875 0.0890625 0.0890625
14 0.46640625 0.4625 0.0875 0.0875
6 0.5234375 0.56171875 0.0828125 0.0859375
6 0.45390625 0.69765625 0.0796875 0.08125
6 0.371875 0.79921875 0.090625 0.090625
6 0.27109375 0.86796875 0.0890625 0.0828125