7 0.121875 0.11171875 0.075 0.0640625
7 0.22421875 0.121875 0.065625 0.0640625
7 0.3296875 0.13515625 0.0625 0.0671875
7 0.43203125 0.14375 0.075 0.0703125
7 0.5359375 0.15546875 0.078125 0.0703125
7 0.63984375 0.1671875 0.065625 0.0703125
7 0.74453125 0.1796875 0.078125 0.06875
7 0.8515625 0.190625 0.084375 0.0734375
7 0.94765625 0.2015625 0.0796875 0.075
7 0.11171875 0.21171875 0.078125 0.065625
7 0.31875 0.23125 0.0671875 0.06875
7 0.425 0.24140625 0.071875 0.0703125
7 0.52734375 0.25546875 0.08125 0.06875
7 0.62890625 0.26640625 0.0671875 0.0640625
7 0.73828125 0.2765625 0.0796875 0.0734375
7 0.940625 0.2984375 0.0734375 0.075
7 0.20390625 0.32109375 0.0765625 0.071875
7 0.41015625 0.3421875 0.0796875 0.078125
7 0.61875 0.36328125 0.0765625 0.075
7 0.8296875 0.38671875 0.0828125 0.0734375
7 0.090625 0.40546875 0.0703125 0.0640625
7 0.19375 0.4125 0.078125 0.06875
7 0.29765625 0.42578125 0.0671875 0.065625
7 0.4015625 0.43359375 0.078125 0.0703125
7 0.50546875 0.44765625 0.078125 0.0671875
7 0.6109375 0.4578125 0.071875 0.0625
7 0.71171875 0.471875 0.075 0.0671875
7 0.82109375 0.47578125 0.0765625 0.0671875
7 0.9203125 0.490625 0.0671875 0.0640625
7 0.07890625 0.5109375 0.065625 0.0640625
7 0.18203125 0.52421875 0.065625 0.0625
7 0.28671875 0.53046875 0.0703125 0.065625
7 0.39375 0.54140625 0.0609375 0.0578125
7 0.4953125 0.5484375 0.0609375 0.0609375
7 0.6 0.5578125 0.0671875 0.0671875
7 0.70546875 0.56953125 0.0703125 0.065625
7 0.80625 0.584375 0.065625 0.0609375
7 0.90859375 0.5890625 0.0671875 0.06875
7 0.1703125 0.60859375 0.0703125 0.0625
7 0.378125 0.6296875 0.065625 0.0703125
7 0.58828125 0.65703125 0.0671875 0.071875
7 0.79609375 0.68046875 0.0765625 0.06875
7 0.06328125 0.70234375 0.06875 0.0625
7 0.26484375 0.71875 0.08125 0.0734375
7 0.36640625 0.72578125 0.075 0.071875
7 0.47109375 0.73828125 0.0828125 0.0671875
7 0.578125 0.74921875 0.0765625 0.06875
7 0.684375 0.76640625 0.06875 0.0734375
7 0.88359375 0.78671875 0.075 0.071875
7 0.04921875 0.79453125 0.0671875 0.065625
7 0.14921875 0.80625 0.0703125 0.0578125
7 0.25234375 0.81953125 0.0765625 0.065625
7 0.359375 0.82890625 0.0765625 0.0734375
7 0.46328125 0.83984375 0.0734375 0.065625
7 0.5703125 0.84921875 0.06875 0.075
7 0.66875 0.8640625 0.071875 0.06875
7 0.77578125 0.87890625 0.078125 0.0640625
7 0.87890625 0.8875 0.0640625 0.06875
12 0.45859375 0.94609375 0.078125 0.084375
8 0.5578125 0.959375 0.078125 0.078125
8 0.35234375 0.93359375 0.0859375 0.084375
11 0.66484375 0.9625 0.0859375 0.075
11 0.24453125 0.925 0.0796875 0.0890625
13 0.13984375 0.9140625 0.08125 0.0796875
13 0.77421875 0.97109375 0.0796875 0.0578125
10 0.87890625 0.9765625 0.0734375 0.046875
10 0.03828125 0.90078125 0.0765625 0.0828125
9 0.15625 0.71484375 0.084375 0.0875
9 0.79140625 0.7796875 0.0859375 0.08125
14 0.06328125 0.60859375 0.0875 0.0859375
14 0.27109375 0.62265625 0.084375 0.0875
14 0.4859375 0.64765625 0.0890625 0.0796875
14 0.69765625 0.66953125 0.0796875 0.084375
14 0.909375 0.6921875 0.08125 0.0796875
4 0.546875 0.05625 0.0828125 0.0859375
0 0.44453125 0.04296875 0.0828125 0.084375
0 0.65703125 0.06640625 0.0796875 0.0859375
3 0.75859375 0.075 0.0859375 0.08125
3 0.33671875 0.0390625 0.0828125 0.078125
5 0.23046875 0.03359375 0.0859375 0.0671875
5 0.86796875 0.0828125 0.0875 0.0875
2 0.96484375 0.1 0.0703125 0.0875
2 0.12265625 0.02734375 0.0890625 0.0546875
1 0.2109375 0.22265625 0.08125 0.0859375
1 0.8453125 0.28984375 0.084375 0.0859375
6 0.09453125 0.31328125 0.0875 0.08125
6 0.30546875 0.33359375 0.0859375 0.0859375
6 0.5171875 0.353125 0.0890625 0.0875
6 0.73046875 0.38203125 0.0890625 0.0875
6 0.93828125 0.4 0.0875 0.0859375