6 0.44375 0.05625 0.0625 0.065625
6 0.5234375 0.1265625 0.0546875 0.059375
6 0.26484375 0.6609375 0.0703125 0.0671875
6 0.36328125 0.59140625 0.0578125 0.05
6 0.75859375 0.8734375 0.0546875 0.059375
2 0.7296875 0.73515625 0.065625 0.065625
2 0.62109375 0.70390625 0.0578125 0.059375
11 0.690625 0.45859375 0.065625 0.0703125
11 0.4921875 0.659375 0.0703125 0.059375
14 0.6421875 0.80390625 0.0671875 0.0671875
14 0.509375 0.7765625 0.0671875 0.065625
14 0.784375 0.571875 0.0546875 0.0515625
14 0.34453125 0.1125 0.0578125 0.0625
14 0.771875 0.21640625 0.0546875 0.0625
0 0.70078125 0.103125 0.0546875 0.065625
0 0.24140625 0.81328125 0.065625 0.059375
5 0.3875 0.865625 0.0546875 0.059375
5 0.3828125 0.74296875 0.059375 0.059375
9 0.521875 0.88125 0.0578125 0.059375
9 0.5296875 0.35234375 0.0515625 0.0578125
1 0.43828125 0.23515625 0.0578125 0.0578125
1 0.6921875 0.34609375 0.0625 0.059375
13 0.284375 0.26640625 0.0578125 0.0578125
13 0.63203125 0.94921875 0.0671875 0.059375
10 0.55234375 0.5234375 0.059375 0.0546875
10 0.2359375 0.50390625 0.065625 0.0671875
3 0.64453125 0.5953125 0.0578125 0.0578125
3 0.20625 0.36015625 0.078125 0.078125
4 0.41875 0.46484375 0.0546875 0.0515625
12 0.21796875 0.09765625 0.065625 0.065625
8 0.6203125 0.225 0.06328125 0.0640625
8 0.3890625 0.3484375 0.0625 0.06796875