12 0.453125 0.8078125 0.06875 0.0703125
8 0.41328125 0.38515625 0.0671875 0.065625
8 0.44453125 0.5765625 0.0640625 0.0640625
11 0.7953125 0.2203125 0.078125 0.0796875
11 0.403125 0.49765625 0.078125 0.078125
13 0.72265625 0.60234375 0.0703125 0.0734375
13 0.6078125 0.44921875 0.0671875 0.071875
10 0.7171875 0.3359375 0.0671875 0.0671875
10 0.59609375 0.33203125 0.06875 0.06875
9 0.4875 0.93359375 0.075 0.075
9 0.221875 0.47109375 0.078125 0.078125
14 0.26328125 0.684375 0.0703125 0.0734375
14 0.3765625 0.69296875 0.06875 0.071875
14 0.33828125 0.5796875 0.0734375 0.0703125
14 0.55 0.69765625 0.075 0.0765625
14 0.2875 0.40859375 0.0734375 0.075
4 0.7953125 0.43359375 0.06875 0.0734375
0 0.65 0.73125 0.0671875 0.0703125
0 0.6109375 0.84921875 0.075 0.075
3 0.5109375 0.54140625 0.0671875 0.0671875
3 0.6078125 0.57109375 0.0703125 0.071875
5 0.40859375 0.23671875 0.0671875 0.0703125
5 0.6046875 0.2296875 0.0703125 0.0734375
2 0.39609375 0.0953125 0.0703125 0.071875
2 0.1765625 0.59765625 0.0734375 0.0734375
1 0.1453125 0.7484375 0.0703125 0.06875
1 0.28203125 0.29453125 0.071875 0.0734375
6 0.4859375 0.15390625 0.0640625 0.065625
6 0.5125 0.2859375 0.0640625 0.0671875
6 0.51796875 0.42421875 0.065625 0.065625
6 0.68671875 0.49296875 0.0703125 0.0734375
6 0.284375 0.81171875 0.0703125 0.071875