12 0.2484375 0.58125 0.0765625 0.078125
8 0.50390625 0.38984375 0.0796875 0.078125
8 0.31015625 0.8625 0.08125 0.0796875
11 0.609375 0.19296875 0.0859375 0.084375
11 0.55390625 0.9125 0.084375 0.0828125
13 0.95234375 0.4125 0.090625 0.090625
13 0.73046875 0.5953125 0.08125 0.0828125
10 0.34921875 0.23046875 0.078125 0.08125
10 0.3578125 0.61171875 0.084375 0.0859375
9 0.09921875 0.63828125 0.0796875 0.0765625
9 0.475 0.1765625 0.078125 0.0765625
14 0.50625 0.5046875 0.090625 0.0921875
14 0.64921875 0.3078125 0.084375 0.084375
14 0.53671875 0.28828125 0.078125 0.078125
14 0.553125 0.0671875 0.08125 0.08125
14 0.30234375 0.40625 0.0734375 0.075
4 0.18828125 0.4859375 0.0828125 0.084375
0 0.25234375 0.73828125 0.08125 0.08125
0 0.3796875 0.71328125 0.078125 0.078125
3 0.7265625 0.21796875 0.084375 0.0859375
3 0.59140625 0.61171875 0.0796875 0.08125
5 0.575 0.7875 0.0890625 0.0890625
5 0.68828125 0.4328125 0.084375 0.0859375
2 0.8109375 0.45625 0.0859375 0.0859375
2 0.4421875 0.8265625 0.078125 0.0796875
1 0.8046875 0.29921875 0.0828125 0.084375
1 0.3984375 0.49296875 0.0765625 0.078125
6 0.61484375 0.49375 0.0875 0.0859375
6 0.3890625 0.31640625 0.08125 0.0796875
6 0.4609375 0.6109375 0.078125 0.078125
6 0.4953125 0.7109375 0.084375 0.0828125
6 0.68046875 0.7265625 0.0875 0.0859375