7 0.08203125 0.05546875 0.05625 0.059375
7 0.1875 0.05703125 0.0515625 0.059375
7 0.8171875 0.05703125 0.0734375 0.065625
7 0.91640625 0.05625 0.05625 0.0640625
7 0.08671875 0.14765625 0.059375 0.065625
7 0.18671875 0.15078125 0.053125 0.05625
7 0.39140625 0.15234375 0.05625 0.053125
7 0.4953125 0.1546875 0.059375 0.0609375
7 0.6015625 0.1515625 0.06875 0.0640625
7 0.7078125 0.1515625 0.065625 0.0546875
7 0.8078125 0.14921875 0.0625 0.065625
7 0.91640625 0.15 0.059375 0.0671875
7 0.18828125 0.24453125 0.06875 0.059375
7 0.39140625 0.25078125 0.065625 0.0625
7 0.49609375 0.25078125 0.0640625 0.053125
7 0.59921875 0.25 0.0578125 0.0546875
7 0.8171875 0.25234375 0.0703125 0.0625
7 0.915625 0.246875 0.0578125 0.0578125
7 0.18828125 0.34609375 0.05625 0.059375
7 0.39140625 0.34921875 0.065625 0.053125
7 0.596875 0.34609375 0.059375 0.059375
7 0.81171875 0.35078125 0.059375 0.05625
7 0.084375 0.43828125 0.0546875 0.0578125
7 0.1828125 0.440625 0.0546875 0.059375
7 0.28828125 0.44375 0.05625 0.0578125
7 0.39140625 0.4421875 0.05625 0.0578125
7 0.496875 0.44609375 0.05625 0.05625
7 0.8109375 0.4421875 0.0515625 0.0546875
7 0.9109375 0.4453125 0.05 0.0546875
7 0.07890625 0.54140625 0.05625 0.0515625
7 0.184375 0.5421875 0.05 0.05
7 0.2875 0.5390625 0.040625 0.0484375
7 0.39375 0.5421875 0.0421875 0.046875
7 0.496875 0.5421875 0.05 0.0546875
7 0.7046875 0.54765625 0.0484375 0.0453125
7 0.9125 0.54609375 0.05 0.053125
7 0.18515625 0.63984375 0.05625 0.0515625
7 0.38828125 0.63828125 0.053125 0.0546875
7 0.59921875 0.63984375 0.046875 0.0578125
7 0.7046875 0.640625 0.05625 0.05625
7 0.809375 0.64296875 0.0546875 0.05625
7 0.190625 0.7359375 0.0703125 0.05
7 0.38828125 0.73359375 0.0625 0.0578125
7 0.596875 0.7359375 0.059375 0.05625
7 0.70234375 0.7390625 0.0515625 0.059375
7 0.80859375 0.73671875 0.0625 0.0640625
7 0.08515625 0.82890625 0.0625 0.0578125
7 0.1828125 0.82890625 0.0546875 0.05
7 0.2859375 0.83046875 0.0609375 0.0609375
7 0.3921875 0.83359375 0.05625 0.0578125
7 0.5953125 0.8359375 0.065625 0.0625
7 0.7015625 0.83984375 0.065625 0.0578125
7 0.81015625 0.84140625 0.0625 0.0625
7 0.9125 0.84296875 0.0609375 0.0625
7 0.08046875 0.921875 0.053125 0.05
7 0.1828125 0.9265625 0.0546875 0.05
7 0.59921875 0.93125 0.0578125 0.05625
7 0.70390625 0.93203125 0.0640625 0.0546875
7 0.8046875 0.934375 0.065625 0.053125
7 0.915625 0.93515625 0.0515625 0.046875
12 0.50546875 0.9234375 0.0609375 0.0703125
8 0.40703125 0.921875 0.0671875 0.0671875
8 0.4921875 0.83046875 0.065625 0.0671875
11 0.4984375 0.73828125 0.06875 0.0671875
11 0.29375 0.91796875 0.06875 0.06875
13 0.2890625 0.73046875 0.0640625 0.0703125
13 0.596875 0.53671875 0.065625 0.0703125
10 0.81875 0.5421875 0.0734375 0.0734375
9 0.91796875 0.74140625 0.065625 0.0703125
9 0.08828125 0.73203125 0.06875 0.0703125
14 0.08515625 0.63125 0.06875 0.071875
14 0.2859375 0.62734375 0.0734375 0.0703125
14 0.5046875 0.64609375 0.075 0.075
14 0.71484375 0.44453125 0.075 0.078125
14 0.91328125 0.64375 0.06875 0.0828125
4 0.503125 0.0609375 0.08125 0.08125
0 0.40390625 0.0578125 0.0734375 0.0796875
0 0.6046875 0.05859375 0.06875 0.0796875
3 0.28671875 0.06171875 0.071875 0.0796875
3 0.70625 0.06015625 0.071875 0.0734375
5 0.29765625 0.246875 0.0703125 0.0671875
5 0.71015625 0.24375 0.071875 0.0796875
2 0.5953125 0.43671875 0.06875 0.0734375
1 0.29453125 0.1453125 0.0734375 0.0765625
1 0.08046875 0.23828125 0.078125 0.0765625
6 0.07734375 0.34765625 0.071875 0.075
6 0.28671875 0.35390625 0.065625 0.075
6 0.496875 0.346875 0.071875 0.0765625
6 0.70859375 0.3453125 0.08125 0.0765625
6 0.909375 0.34765625 0.0765625 0.0859375