12 0.37890625 0.4125 0.0703125 0.0703125
8 0.8140625 0.58203125 0.0703125 0.0703125
8 0.7203125 0.53671875 0.075 0.0734375
11 0.74765625 0.78359375 0.0796875 0.0796875
11 0.6328125 0.38984375 0.06875 0.06875
13 0.42109375 0.3015625 0.0703125 0.0703125
13 0.4765625 0.49765625 0.071875 0.071875
10 0.92734375 0.5796875 0.075 0.0765625
10 0.5328125 0.89140625 0.0734375 0.0734375
9 0.296875 0.3578125 0.0703125 0.0703125
9 0.4046875 0.72265625 0.0734375 0.075
14 0.14765625 0.37578125 0.0703125 0.0703125
14 0.63203125 0.6015625 0.0734375 0.075
14 0.3890625 0.53125 0.06875 0.06875
14 0.25546875 0.43828125 0.0671875 0.0671875
14 0.54609375 0.59609375 0.06875 0.06875
4 0.65625 0.83671875 0.0703125 0.0703125
0 0.52734375 0.2296875 0.0734375 0.075
0 0.6 0.49140625 0.06875 0.06875
3 0.6125 0.28828125 0.071875 0.071875
3 0.50703125 0.37890625 0.06875 0.06875
5 0.45625 0.63671875 0.0703125 0.0703125
5 0.73046875 0.37578125 0.0734375 0.0734375
2 0.22421875 0.53671875 0.071875 0.071875
2 0.3140625 0.61328125 0.06875 0.06875
1 0.70078125 0.6703125 0.06875 0.0703125
1 0.60859375 0.73359375 0.071875 0.071875
6 0.45234375 0.82265625 0.06875 0.0703125
6 0.5390625 0.7921875 0.0703125 0.0703125
6 0.8453125 0.69765625 0.078125 0.078125
6 0.80859375 0.45546875 0.0703125 0.0703125
6 0.43125 0.1640625 0.06875 0.06875