12 0.3515625 0.434375 0.075 0.0734375
8 0.53046875 0.1265625 0.0734375 0.0734375
8 0.6515625 0.58984375 0.075 0.071875
11 0.746875 0.6109375 0.071875 0.071875
11 0.52421875 0.265625 0.0828125 0.08125
13 0.46484375 0.7640625 0.084375 0.084375
13 0.34375 0.8390625 0.075 0.0734375
10 0.84609375 0.5546875 0.0703125 0.0703125
10 0.6109375 0.36640625 0.0796875 0.0796875
9 0.27421875 0.38359375 0.0734375 0.075
9 0.3578125 0.703125 0.078125 0.0734375
14 0.36875 0.259375 0.075 0.071875
14 0.59765625 0.19375 0.071875 0.0734375
14 0.73828125 0.37890625 0.071875 0.075
14 0.57734375 0.728125 0.08125 0.08125
14 0.4765625 0.92265625 0.0828125 0.0828125
4 0.421875 0.34140625 0.071875 0.075
0 0.115625 0.4015625 0.0796875 0.078125
0 0.9171875 0.6625 0.0796875 0.078125
3 0.4828125 0.6359375 0.078125 0.078125
3 0.215625 0.27265625 0.078125 0.078125
5 0.47890625 0.425 0.071875 0.06875
5 0.7046875 0.49375 0.078125 0.078125
2 0.665625 0.28359375 0.0828125 0.0828125
2 0.5765625 0.52421875 0.078125 0.078125
1 0.771875 0.71953125 0.0765625 0.0765625
1 0.41328125 0.55078125 0.075 0.0734375
6 0.41171875 0.11953125 0.078125 0.078125
6 0.203125 0.52890625 0.0796875 0.0796875
6 0.28984375 0.6375 0.0796875 0.0796875
6 0.5796875 0.86015625 0.078125 0.078125
6 0.69609375 0.83828125 0.0828125 0.0828125