12 0.60859375 0.4984375 0.075 0.0828125
8 0.6546875 0.42265625 0.06875 0.0734375
8 0.55390625 0.4125 0.06875 0.0734375
11 0.31171875 0.32578125 0.0765625 0.0796875
11 0.415625 0.4796875 0.065625 0.06875
13 0.56796875 0.6734375 0.0734375 0.08125
13 0.5234375 0.32734375 0.0765625 0.084375
10 0.61171875 0.3375 0.08125 0.0828125
10 0.51171875 0.4953125 0.071875 0.0796875
9 0.815625 0.46328125 0.071875 0.0828125
9 0.6578125 0.61640625 0.0734375 0.0828125
14 0.1546875 0.41484375 0.0828125 0.0828125
14 0.253125 0.43203125 0.08125 0.0828125
14 0.35390625 0.4125 0.078125 0.0828125
14 0.290625 0.68359375 0.0859375 0.090625
14 0.38984375 0.56875 0.075 0.078125
4 0.21171875 0.54765625 0.0859375 0.0890625
0 0.31640625 0.496875 0.0796875 0.0796875
0 0.4171875 0.74609375 0.08125 0.0828125
3 0.57265625 0.58203125 0.08125 0.084375
3 0.29609375 0.59140625 0.08125 0.0859375
5 0.403125 0.328125 0.0765625 0.0859375
5 0.21796875 0.3390625 0.0875 0.090625
2 0.6984375 0.496875 0.078125 0.08125
2 0.4703125 0.40234375 0.0796875 0.0828125
1 0.70234375 0.328125 0.084375 0.090625
1 0.74140625 0.41328125 0.0828125 0.0828125
6 0.51640625 0.753125 0.0859375 0.0859375
6 0.47265625 0.6703125 0.078125 0.084375
6 0.38203125 0.65859375 0.08125 0.0859375
6 0.47734375 0.5796875 0.0828125 0.0859375
6 0.75390625 0.56953125 0.08125 0.0875