12 0.52578125 0.553125 0.109375 0.109375
8 0.559375 0.6375 0.109375 0.109375
8 0.4453125 0.41015625 0.1125 0.1125
11 0.61015625 0.27265625 0.1125 0.1140625
11 0.52265625 0.36953125 0.1109375 0.109375
13 0.290625 0.3421875 0.109375 0.109375
13 0.290625 0.5640625 0.1109375 0.1109375
10 0.384375 0.58359375 0.1140625 0.115625
10 0.61171875 0.36640625 0.1125 0.1125
9 0.3015625 0.8421875 0.1203125 0.11875
9 0.321875 0.64921875 0.11875 0.11875
14 0.3546875 0.496875 0.1125 0.1140625
14 0.503125 0.71953125 0.1125 0.1125
14 0.34453125 0.759375 0.13125 0.13125
14 0.51953125 0.459375 0.125 0.1265625
14 0.67421875 0.4515625 0.121875 0.121875
4 0.35703125 0.409375 0.1140625 0.1140625
0 0.79765625 0.43984375 0.1234375 0.125
0 0.59765625 0.721875 0.125 0.125
3 0.25234375 0.709375 0.109375 0.109375
3 0.41484375 0.6953125 0.10625 0.10625
5 0.184375 0.4375 0.1265625 0.1265625
5 0.6046875 0.50390625 0.1203125 0.1203125
2 0.46875 0.6203125 0.115625 0.115625
2 0.22265625 0.6234375 0.13125 0.13125
1 0.7359375 0.51875 0.134375 0.134375
1 0.46640625 0.81015625 0.1390625 0.1359375
6 0.2671875 0.471875 0.125 0.1265625
6 0.37734375 0.29921875 0.13125 0.13125
6 0.70859375 0.365625 0.121875 0.1203125
6 0.4421875 0.515625 0.1125 0.1125
6 0.65703125 0.5859375 0.125 0.125