12 0.59140625 0.5890625 0.0515625 0.05
8 0.13828125 0.45703125 0.0546875 0.0546875
8 0.6859375 0.54296875 0.0515625 0.05
11 0.23046875 0.58203125 0.0515625 0.0515625
11 0.41484375 0.640625 0.0515625 0.0515625
13 0.61171875 0.7296875 0.0546875 0.0546875
13 0.2421875 0.86015625 0.0515625 0.05
10 0.64765625 0.68046875 0.0546875 0.0546875
10 0.51953125 0.48203125 0.0515625 0.0515625
9 0.2609375 0.31796875 0.0546875 0.0578125
9 0.478125 0.26328125 0.05 0.05625
14 0.371875 0.859375 0.05 0.0515625
14 0.415625 0.784375 0.04375 0.0515625
14 0.346875 0.65859375 0.0546875 0.05625
14 0.640625 0.43828125 0.0515625 0.0484375
14 0.3703125 0.2859375 0.0578125 0.05625
4 0.74296875 0.5359375 0.05 0.05625
0 0.496875 0.36875 0.0515625 0.0546875
0 0.58203125 0.384375 0.0515625 0.0515625
3 0.61484375 0.496875 0.05 0.0515625
3 0.33671875 0.53046875 0.0515625 0.0546875
5 0.35703125 0.43671875 0.0546875 0.0578125
5 0.46640625 0.465625 0.0546875 0.0515625
2 0.634375 0.81796875 0.0515625 0.0546875
2 0.309375 0.76484375 0.05 0.0515625
1 0.46796875 0.77734375 0.05 0.0546875
1 0.62109375 0.2125 0.0515625 0.059375
6 0.7359375 0.2625 0.0546875 0.0546875
6 0.4328125 0.56875 0.05625 0.0515625
6 0.52890625 0.65859375 0.0546875 0.05625
6 0.54609375 0.85625 0.0515625 0.05625
6 0.2609375 0.7109375 0.0546875 0.05625