12 0.69765625 0.4484375 0.0859375 0.0890625
8 0.640625 0.5046875 0.0828125 0.0859375
8 0.48125 0.51640625 0.084375 0.0859375
11 0.36640625 0.6640625 0.0828125 0.0828125
11 0.4921875 0.59453125 0.08125 0.08125
13 0.72578125 0.62109375 0.08125 0.0828125
13 0.36015625 0.415625 0.0828125 0.0828125
10 0.33671875 0.259375 0.0984375 0.0984375
10 0.653125 0.584375 0.08125 0.0828125
9 0.73203125 0.69921875 0.0890625 0.090625
9 0.59921875 0.39140625 0.0921875 0.09375
14 0.5578125 0.5140625 0.078125 0.0796875
14 0.57578125 0.5953125 0.0734375 0.078125
14 0.41640625 0.7296875 0.0796875 0.0828125
14 0.23515625 0.51796875 0.090625 0.0890625
14 0.39453125 0.5171875 0.0890625 0.090625
4 0.3296875 0.57421875 0.0953125 0.0953125
0 0.41171875 0.59375 0.0890625 0.0890625
0 0.53203125 0.73671875 0.0875 0.0875
3 0.478125 0.6765625 0.0859375 0.0875
3 0.696875 0.36640625 0.1015625 0.0984375
5 0.26328125 0.4125 0.090625 0.0890625
5 0.31640625 0.49296875 0.0828125 0.0859375
2 0.315625 0.3453125 0.0859375 0.0875
2 0.53125 0.44453125 0.0890625 0.0890625
1 0.4 0.32578125 0.0953125 0.096875
1 0.4359375 0.44453125 0.0953125 0.0984375
6 0.5265625 0.35625 0.096875 0.0984375
6 0.71328125 0.5296875 0.0921875 0.0921875
6 0.58125 0.671875 0.090625 0.0921875
6 0.609375 0.753125 0.103125 0.103125
6 0.46640625 0.79140625 0.0984375 0.0984375