6 0.55625 0.8640625 0.1 0.096875
6 0.48671875 0.71796875 0.075 0.075
6 0.3921875 0.79453125 0.0828125 0.08125
6 0.19921875 0.71015625 0.075 0.075
6 0.48203125 0.41171875 0.0828125 0.084375
1 0.3796875 0.46171875 0.0765625 0.0765625
1 0.590625 0.69921875 0.1015625 0.1015625
2 0.4296875 0.9234375 0.0921875 0.090625
2 0.42578125 0.21484375 0.0921875 0.0921875
8 0.5296875 0.159375 0.0953125 0.0953125
8 0.46640625 0.52265625 0.0796875 0.078125
11 0.58203125 0.3546875 0.0890625 0.0890625
11 0.82265625 0.35859375 0.078125 0.0796875
3 0.96328125 0.41328125 0.0734375 0.0921875
3 0.315625 0.68203125 0.090625 0.090625
0 0.63203125 0.10859375 0.078125 0.0796875
0 0.7125 0.41640625 0.09375 0.09375
13 0.42265625 0.628125 0.096875 0.0953125
9 0.5921875 0.475 0.0984375 0.0984375
9 0.76875 0.5640625 0.0921875 0.0921875
5 0.84921875 0.50078125 0.10625 0.10625
5 0.20625 0.49296875 0.09375 0.09375
14 0.38046875 0.3359375 0.1 0.1
14 0.25234375 0.40078125 0.0828125 0.084375
14 0.18203125 0.6015625 0.09375 0.09375
14 0.7859375 0.21484375 0.0859375 0.0859375
12 0.7171875 0.69453125 0.090625 0.090625
4 0.61015625 0.578125 0.096875 0.0984375
14 0.29375 0.815625 0.0953125 0.096875
10 0.321875 0.559375 0.0984375 0.0984375
10 0.6546875 0.2296875 0.08125 0.0828125
13 0.51171875 0.26875 0.0859375 0.0875