2 0.76875 0.37890625 0.059375 0.0671875
2 0.71953125 0.50546875 0.075 0.08125
13 0.6390625 0.4015625 0.0578125 0.065625
9 0.46484375 0.084375 0.078125 0.05625
1 0.67578125 0.14921875 0.06875 0.08125
1 0.40703125 0.41484375 0.0734375 0.06875
6 0.4484375 0.5140625 0.06875 0.0625
6 0.55625 0.4296875 0.0640625 0.071875
6 0.2203125 0.225 0.071875 0.071875
6 0.60703125 0.55546875 0.0625 0.075
6 0.74609375 0.72578125 0.0671875 0.0734375
4 0.67890625 0.62890625 0.0578125 0.05625
0 0.5515625 0.6515625 0.065625 0.065625
0 0.23046875 0.81015625 0.0640625 0.059375
9 0.33046875 0.73515625 0.0625 0.0609375
10 0.27265625 0.6125 0.065625 0.0703125
11 0.525 0.77265625 0.0671875 0.0796875
11 0.40859375 0.8140625 0.0703125 0.0625
3 0.44921875 0.63828125 0.065625 0.0578125
3 0.6359375 0.9 0.065625 0.05625
8 0.4796875 0.91171875 0.06875 0.0734375
5 0.65234375 0.734375 0.0609375 0.0671875
5 0.77265625 0.8515625 0.0671875 0.084375
14 0.29375 0.91015625 0.078125 0.065625
14 0.2515625 0.44375 0.071875 0.078125
14 0.39375 0.30546875 0.05625 0.0671875
14 0.30859375 0.27109375 0.06875 0.0703125
14 0.3234375 0.14375 0.0578125 0.065625
13 0.66484375 0.29296875 0.0625 0.0625
8 0.503125 0.2984375 0.071875 0.071875
10 0.43984375 0.1875 0.071875 0.0734375
12 0.58359375 0.20078125 0.0625 0.0703125