12 0.2828125 0.62578125 0.059375 0.0625
8 0.51015625 0.26640625 0.0609375 0.0609375
8 0.7484375 0.25078125 0.0703125 0.0640625
11 0.7171875 0.89609375 0.0609375 0.0671875
11 0.76953125 0.60234375 0.0671875 0.0609375
13 0.5078125 0.715625 0.0609375 0.0609375
13 0.6375 0.20546875 0.0640625 0.065625
10 0.3890625 0.565625 0.059375 0.0640625
10 0.6890625 0.72421875 0.0609375 0.0625
9 0.2828125 0.79921875 0.065625 0.065625
9 0.209375 0.71328125 0.065625 0.0625
14 0.20078125 0.59375 0.0640625 0.0625
14 0.4796875 0.61015625 0.05625 0.059375
14 0.66875 0.6171875 0.0625 0.0640625
14 0.7859375 0.49140625 0.0609375 0.0609375
14 0.6953125 0.44296875 0.0640625 0.0578125
4 0.7921875 0.73203125 0.0640625 0.065625
0 0.60546875 0.4265625 0.059375 0.0671875
0 0.73203125 0.353125 0.065625 0.0625
3 0.265625 0.41328125 0.0625 0.06875
3 0.375 0.43671875 0.0671875 0.059375
5 0.45859375 0.484375 0.059375 0.0640625
5 0.61171875 0.815625 0.0625 0.0625
2 0.378125 0.7265625 0.0609375 0.0609375
2 0.5484375 0.5 0.0625 0.0625
1 0.60546875 0.31328125 0.0625 0.0640625
1 0.50859375 0.3671875 0.0609375 0.0625
6 0.18046875 0.49609375 0.065625 0.0671875
6 0.29921875 0.509375 0.0609375 0.06875
6 0.65234375 0.53046875 0.059375 0.0609375
6 0.57421875 0.63671875 0.0609375 0.065625
6 0.46171875 0.8125 0.0703125 0.065625