12 0.34296875 0.8078125 0.0578125 0.0578125
8 0.21328125 0.7703125 0.0609375 0.0578125
8 0.55546875 0.3296875 0.0609375 0.0625
11 0.659375 0.66640625 0.0546875 0.053125
11 0.7046875 0.2859375 0.05 0.046875
13 0.78203125 0.609375 0.0515625 0.0578125
13 0.60859375 0.23125 0.0546875 0.059375
10 0.56171875 0.7234375 0.0609375 0.05625
10 0.2703125 0.60390625 0.0625 0.05625
9 0.64375 0.43515625 0.0546875 0.0546875
9 0.34140625 0.3875 0.059375 0.0578125
14 0.71484375 0.82421875 0.059375 0.059375
14 0.47109375 0.71796875 0.059375 0.0609375
14 0.4046875 0.65859375 0.053125 0.0515625
14 0.44609375 0.28125 0.0546875 0.0578125
14 0.77265625 0.71171875 0.0609375 0.0609375
4 0.7515625 0.375 0.0546875 0.059375
0 0.68125 0.5765625 0.0546875 0.0546875
0 0.2875 0.2375 0.0625 0.0609375
3 0.48671875 0.5984375 0.0546875 0.053125
3 0.27890625 0.465625 0.0609375 0.0609375
5 0.578125 0.52265625 0.0546875 0.0578125
5 0.37109375 0.18125 0.0578125 0.059375
2 0.29765625 0.71171875 0.0609375 0.0578125
2 0.47578125 0.8609375 0.0609375 0.0578125
1 0.4828125 0.18125 0.059375 0.0609375
1 0.578125 0.6421875 0.0578125 0.0578125
6 0.459375 0.40625 0.0578125 0.05
6 0.76640625 0.48515625 0.0546875 0.0578125
6 0.48125 0.51640625 0.053125 0.0546875
6 0.3875 0.565625 0.0546875 0.0546875
6 0.6015625 0.8515625 0.059375 0.0609375