12 0.40078125 0.59765625 0.0953125 0.096875
8 0.778125 0.33984375 0.1 0.1046875
8 0.49375 0.784375 0.0921875 0.09375
11 0.5515625 0.265625 0.0984375 0.1
11 0.590625 0.615625 0.09375 0.0953125
13 0.66640625 0.6625 0.0953125 0.0984375
13 0.6171875 0.525 0.1 0.1
10 0.60859375 0.7984375 0.0953125 0.0984375
10 0.40234375 0.6890625 0.096875 0.096875
9 0.3203125 0.5453125 0.0921875 0.0921875
9 0.41328125 0.49921875 0.0984375 0.1
14 0.3921875 0.2703125 0.10625 0.1046875
14 0.47578125 0.32265625 0.0984375 0.1
14 0.42734375 0.40625 0.1 0.1
14 0.33203125 0.45078125 0.0984375 0.1015625
14 0.5890625 0.35 0.103125 0.1046875
4 0.3453125 0.3546875 0.10625 0.10625
0 0.77109375 0.51328125 0.1078125 0.109375
0 0.63828125 0.43203125 0.1015625 0.103125
3 0.2640625 0.29453125 0.1078125 0.1109375
3 0.49765625 0.59765625 0.09375 0.0953125
5 0.4671875 0.21484375 0.1125 0.1140625
5 0.6859375 0.33125 0.0984375 0.1
2 0.31796875 0.64140625 0.1 0.1015625
2 0.73046875 0.428125 0.109375 0.1109375
1 0.23828125 0.4828125 0.109375 0.109375
1 0.23125 0.59296875 0.10625 0.10625
6 0.49375 0.68984375 0.1015625 0.103125
6 0.58515625 0.70625 0.0984375 0.1
6 0.5203125 0.4109375 0.10625 0.1046875
6 0.521875 0.50703125 0.10625 0.10625
6 0.69375 0.57265625 0.109375 0.1078125