1 0.4078125 0.1296875 0.128125 0.128125
1 0.365625 0.79921875 0.128125 0.128125
6 0.1296875 0.55546875 0.128125 0.128125
6 0.23046875 0.596875 0.128125 0.128125
6 0.67265625 0.42421875 0.128125 0.128125
6 0.671875 0.584375 0.128125 0.128125
6 0.5484375 0.57578125 0.128125 0.128125
0 0.54765625 0.4609375 0.128125 0.128125
0 0.315625 0.65859375 0.128125 0.128125
13 0.5046875 0.18515625 0.128125 0.128125
13 0.471875 0.9046875 0.09375 0.09375
8 0.82421875 0.64921875 0.128125 0.128125
8 0.609375 0.92734375 0.128125 0.128125
3 0.5 0.80625 0.128125 0.128125
3 0.40859375 0.396875 0.128125 0.128125
14 0.4984375 0.3109375 0.128125 0.128125
14 0.6296875 0.209375 0.128125 0.128125
14 0.59609375 0.32265625 0.128125 0.128125
14 0.6046875 0.77890625 0.128125 0.128125
14 0.446875 0.584375 0.128125 0.128125
9 0.3625 0.23359375 0.128125 0.128125
9 0.7515625 0.54296875 0.128125 0.128125
10 0.81796875 0.45390625 0.128125 0.128125
10 0.9125 0.53984375 0.128125 0.128125
2 0.08125 0.33359375 0.128125 0.128125
2 0.30859375 0.29609375 0.128125 0.128125
12 0.20625 0.35234375 0.128125 0.128125
11 0.1265625 0.45 0.128125 0.128125
11 0.28515625 0.4890625 0.128125 0.128125
5 0.49140625 0.67265625 0.128125 0.128125
5 0.71484375 0.76328125 0.128125 0.128125
4 0.72109375 0.30546875 0.128125 0.128125