1 0.85390625 0.35703125 0.128125 0.128125
1 0.18515625 0.40859375 0.128125 0.128125
6 0.39375 0.14140625 0.128125 0.128125
6 0.36640625 0.24609375 0.128125 0.128125
6 0.5984375 0.66015625 0.128125 0.128125
6 0.43984375 0.68203125 0.128125 0.128125
6 0.43125 0.55859375 0.128125 0.128125
0 0.5453125 0.54140625 0.128125 0.128125
0 0.31796875 0.3390625 0.128125 0.128125
13 0.8125 0.4609375 0.128125 0.128125
13 0.0953125 0.528125 0.09375 0.09375
8 0.39765625 0.84140625 0.128125 0.128125
8 0.0921875 0.66796875 0.128125 0.128125
3 0.196875 0.54296875 0.128125 0.128125
3 0.5890625 0.3953125 0.128125 0.128125
14 0.68671875 0.471875 0.128125 0.128125
14 0.80546875 0.5875 0.128125 0.128125
14 0.6890625 0.5703125 0.128125 0.128125
14 0.23828125 0.64296875 0.128125 0.128125
14 0.409375 0.459375 0.128125 0.128125
9 0.74453125 0.3265625 0.128125 0.128125
9 0.4921875 0.75546875 0.128125 0.128125
10 0.58984375 0.80859375 0.128125 0.128125
10 0.51796875 0.9140625 0.128125 0.128125
2 0.60625 0.06328125 0.128125 0.1265625
2 0.675 0.28203125 0.128125 0.128125
12 0.6046875 0.18828125 0.128125 0.128125
11 0.49765625 0.1234375 0.128125 0.128125
11 0.48046875 0.28515625 0.128125 0.128125
5 0.328125 0.515625 0.128125 0.128125
5 0.26875 0.74921875 0.128125 0.128125
4 0.7234375 0.6921875 0.128125 0.128125