12 0.3859375 0.70859375 0.2390625 0.2453125
8 0.19453125 0.4703125 0.20625 0.178125
11 0.875 0.7453125 0.2171875 0.2140625
13 0.6328125 0.734375 0.2359375 0.2296875
13 0.41640625 0.49140625 0.2 0.1796875
8 0.4671875 0.16171875 0.1734375 0.146875
11 0.8328125 0.1921875 0.1703125 0.1359375
10 0.23515625 0.2984375 0.1921875 0.1609375
10 0.8328125 0.346875 0.184375 0.15
9 0.8515625 0.5265625 0.2109375 0.178125
9 0.64921875 0.18203125 0.16875 0.1609375
14 0.28359375 0.14609375 0.1703125 0.146875
14 0.43515625 0.31328125 0.1671875 0.1390625
14 0.6328125 0.34609375 0.184375 0.1609375
14 0.62890625 0.51953125 0.20625 0.1796875
14 0.13671875 0.6796875 0.2359375 0.21875