12 0.6 0.33671875 0.059375 0.059375
8 0.70078125 0.76953125 0.0515625 0.05625
8 0.3140625 0.5703125 0.059375 0.05625
11 0.3984375 0.80703125 0.0625 0.059375
11 0.53125 0.76484375 0.059375 0.0625
13 0.67421875 0.7078125 0.0578125 0.0625
13 0.6265625 0.39453125 0.0609375 0.0546875
10 0.40546875 0.659375 0.059375 0.0609375
10 0.684375 0.3625 0.0625 0.059375
9 0.69375 0.2515625 0.0609375 0.059375
9 0.4140625 0.09609375 0.0609375 0.0625
14 0.41328125 0.31328125 0.0625 0.0578125
14 0.3515625 0.20859375 0.0515625 0.0609375
14 0.6578125 0.30390625 0.05 0.059375
14 0.63984375 0.78125 0.0546875 0.05625
14 0.34765625 0.621875 0.0625 0.05
4 0.28203125 0.19296875 0.0671875 0.0625
0 0.63046875 0.85 0.05625 0.0515625
0 0.29140625 0.40703125 0.0640625 0.0625
3 0.42890625 0.74921875 0.0609375 0.0578125
3 0.43125 0.19609375 0.065625 0.065625
5 0.51484375 0.82265625 0.0625 0.0671875
5 0.59921875 0.26875 0.0671875 0.0640625
2 0.3640625 0.71171875 0.06875 0.0609375
2 0.5890625 0.73828125 0.0640625 0.065625
1 0.3203125 0.89453125 0.065625 0.0671875
1 0.69140625 0.83125 0.0625 0.0546875
6 0.34140625 0.096875 0.065625 0.0671875
6 0.32578125 0.2703125 0.0671875 0.0578125
6 0.46015625 0.52265625 0.0609375 0.065625
6 0.6796875 0.89296875 0.065625 0.0578125
6 0.57578125 0.81953125 0.0546875 0.0578125