12 0.696875 0.696875 0.0609375 0.0578125
8 0.26796875 0.63203125 0.0515625 0.05625
8 0.26875 0.35234375 0.0578125 0.0546875
11 0.615625 0.32109375 0.0484375 0.05
11 0.43203125 0.70859375 0.0546875 0.0546875
13 0.37421875 0.296875 0.05625 0.0578125
13 0.3625 0.6484375 0.05625 0.05625
10 0.48515625 0.19140625 0.0484375 0.0484375
10 0.20703125 0.70390625 0.0578125 0.05625
9 0.2546875 0.45703125 0.0625 0.0546875
9 0.678125 0.26796875 0.05625 0.0515625
14 0.6 0.740625 0.0515625 0.0546875
14 0.40859375 0.52890625 0.0453125 0.046875
14 0.35859375 0.41484375 0.05 0.0515625
14 0.4921875 0.26953125 0.05625 0.0484375
14 0.1890625 0.53984375 0.0578125 0.0546875
4 0.46953125 0.43125 0.05 0.0515625
0 0.3171875 0.53515625 0.059375 0.0546875
0 0.3015625 0.753125 0.0578125 0.05625
3 0.58125 0.421875 0.0546875 0.059375
3 0.75625 0.56171875 0.05625 0.0515625
5 0.48515625 0.56171875 0.05625 0.0515625
5 0.51796875 0.65078125 0.05625 0.0546875
2 0.65078125 0.53828125 0.0546875 0.05
2 0.265625 0.24296875 0.0578125 0.05
1 0.81640625 0.68125 0.0609375 0.05625
1 0.5640625 0.528125 0.0625 0.05625
6 0.68359375 0.44296875 0.0609375 0.059375
6 0.77109375 0.4703125 0.0515625 0.0515625
6 0.61796875 0.61015625 0.059375 0.0578125
6 0.4109375 0.81875 0.0609375 0.059375
6 0.6640625 0.84453125 0.0578125 0.0625