7 0.75234375 0.0359375 0.0609375 0.0625
7 0.66640625 0.06171875 0.059375 0.0640625
7 0.57265625 0.08125 0.059375 0.0625
7 0.1203125 0.2 0.065625 0.059375
7 0.03359375 0.22421875 0.0578125 0.06875
7 0.7703125 0.1171875 0.0703125 0.0625
7 0.6828125 0.1421875 0.06875 0.0671875
7 0.5921875 0.1640625 0.0578125 0.0609375
7 0.5 0.18984375 0.0609375 0.065625
7 0.32421875 0.23671875 0.0578125 0.0609375
7 0.2359375 0.26328125 0.0640625 0.0671875
7 0.1453125 0.28125 0.0625 0.065625
7 0.0578125 0.30546875 0.0625 0.0625
7 0.79140625 0.2015625 0.0578125 0.0640625
7 0.61484375 0.25 0.059375 0.0609375
7 0.52421875 0.27265625 0.071875 0.0703125
7 0.43515625 0.2984375 0.059375 0.065625
7 0.34609375 0.321875 0.0578125 0.0578125
7 0.25859375 0.3421875 0.0671875 0.0625
7 0.1671875 0.36640625 0.0703125 0.0671875
7 0.0796875 0.3890625 0.065625 0.0625
7 0.725 0.31328125 0.0578125 0.0546875
7 0.5453125 0.3609375 0.0671875 0.0609375
7 0.4546875 0.38046875 0.0734375 0.06875
7 0.36640625 0.403125 0.0734375 0.0640625
7 0.2765625 0.42734375 0.0625 0.059375
7 0.83515625 0.37109375 0.0625 0.0625
7 0.74765625 0.39296875 0.05625 0.0578125
7 0.565625 0.440625 0.05625 0.059375
7 0.2140625 0.53125 0.0640625 0.0578125
7 0.12421875 0.55546875 0.0625 0.0671875
7 0.8546875 0.46171875 0.0703125 0.0671875
7 0.765625 0.48359375 0.0671875 0.0671875
7 0.675 0.50390625 0.0578125 0.0609375
7 0.5828125 0.52734375 0.0625 0.0609375
7 0.49609375 0.54765625 0.0671875 0.06875
7 0.41171875 0.57109375 0.06875 0.06875
7 0.32421875 0.59296875 0.0640625 0.0671875
7 0.2328125 0.61953125 0.065625 0.065625
7 0.14921875 0.63984375 0.06875 0.06875
7 0.78828125 0.56328125 0.065625 0.065625
7 0.69453125 0.59140625 0.075 0.0734375
7 0.6125 0.6109375 0.0625 0.065625
7 0.51875 0.63359375 0.0625 0.0671875
7 0.34375 0.678125 0.06875 0.0703125
7 0.25546875 0.7015625 0.059375 0.0609375
7 0.89609375 0.62578125 0.0578125 0.059375
7 0.8109375 0.64296875 0.065625 0.0625
7 0.721875 0.671875 0.0625 0.0625
7 0.6328125 0.690625 0.05 0.05
7 0.5421875 0.7140625 0.0578125 0.059375
7 0.4546875 0.73984375 0.0578125 0.0578125
7 0.365625 0.7609375 0.0578125 0.0578125
7 0.2765625 0.784375 0.0609375 0.065625
7 0.1921875 0.8078125 0.0578125 0.0578125
7 0.91796875 0.70703125 0.0578125 0.0578125
7 0.74140625 0.7515625 0.05625 0.0609375
7 0.65234375 0.77578125 0.0578125 0.059375
7 0.47421875 0.81796875 0.0609375 0.059375
7 0.3859375 0.84296875 0.05625 0.0546875
7 0.2984375 0.8671875 0.059375 0.0609375
7 0.2125 0.890625 0.0546875 0.059375
7 0.85390625 0.8140625 0.053125 0.0515625
7 0.76640625 0.834375 0.0671875 0.0578125
7 0.321875 0.94453125 0.05 0.0546875
7 0.23359375 0.9671875 0.053125 0.0515625
12 0.5765625 0.878125 0.071875 0.0765625
8 0.49375 0.90078125 0.0703125 0.075
8 0.66953125 0.85859375 0.071875 0.078125
11 0.4015625 0.925 0.071875 0.0765625
13 0.384375 0.484375 0.0671875 0.071875
10 0.18359375 0.45390625 0.0765625 0.078125
10 0.946875 0.784375 0.071875 0.075
9 0.83203125 0.725 0.0734375 0.0765625
9 0.56875 0.803125 0.0703125 0.0734375
14 0.17734375 0.72734375 0.0625 0.071875
14 0.87734375 0.540625 0.078125 0.0734375
4 0.3828125 0.13046875 0.0734375 0.0796875
0 0.4046875 0.221875 0.0796875 0.084375
0 0.3015625 0.15859375 0.0765625 0.0828125
3 0.21328125 0.184375 0.08125 0.0796875
5 0.47265625 0.10078125 0.06875 0.071875
2 0.6328125 0.33828125 0.0765625 0.0765625
2 0.65859375 0.41953125 0.065625 0.075
1 0.70234375 0.2328125 0.071875 0.0765625
3 0.29296875 0.503125 0.0765625 0.0828125
6 0.4328125 0.65625 0.0765625 0.0796875
6 0.475 0.45546875 0.0796875 0.0828125
6 0.8125 0.28359375 0.06875 0.0765625
6 0.09921875 0.475 0.06875 0.0765625