7 0.14296875 0.1109375 0.05 0.0515625
7 0.2328125 0.11484375 0.046875 0.0546875
7 0.328125 0.1109375 0.0484375 0.0515625
7 0.79609375 0.1171875 0.05625 0.046875
7 0.8859375 0.11953125 0.0453125 0.059375
7 0.1453125 0.19375 0.059375 0.05
7 0.2359375 0.196875 0.0578125 0.0546875
7 0.32890625 0.19609375 0.046875 0.0515625
7 0.425 0.19921875 0.0484375 0.05625
7 0.60703125 0.20234375 0.046875 0.0515625
7 0.69921875 0.20625 0.0515625 0.05625
7 0.79140625 0.2015625 0.05 0.0546875
7 0.88203125 0.20390625 0.0515625 0.0515625
7 0.1453125 0.28046875 0.0453125 0.0546875
7 0.328125 0.28515625 0.0484375 0.05
7 0.421875 0.28515625 0.059375 0.0578125
7 0.5140625 0.2890625 0.046875 0.05625
7 0.60625 0.28984375 0.0484375 0.046875
7 0.69609375 0.28828125 0.05625 0.05
7 0.790625 0.28984375 0.059375 0.0546875
7 0.88125 0.290625 0.0546875 0.0515625
7 0.23671875 0.3734375 0.0484375 0.04375
7 0.42265625 0.37578125 0.0578125 0.0484375
7 0.51484375 0.3734375 0.0625 0.0546875
7 0.60625 0.3734375 0.0625 0.05
7 0.69921875 0.37578125 0.0515625 0.0484375
7 0.14375 0.45625 0.0515625 0.0515625
7 0.23359375 0.45625 0.0453125 0.0484375
7 0.421875 0.45859375 0.0453125 0.05
7 0.78515625 0.4609375 0.0546875 0.0453125
7 0.878125 0.4625 0.05 0.05625
7 0.146875 0.5484375 0.059375 0.0546875
7 0.23828125 0.5484375 0.05625 0.0546875
7 0.33125 0.54609375 0.046875 0.0515625
7 0.4265625 0.546875 0.0515625 0.05
7 0.515625 0.5453125 0.0546875 0.0578125
7 0.603125 0.54765625 0.05625 0.05625
7 0.69296875 0.54765625 0.0515625 0.05625
7 0.78828125 0.5515625 0.0546875 0.0546875
7 0.87421875 0.55078125 0.05625 0.05625
7 0.2359375 0.63125 0.0546875 0.0546875
7 0.33359375 0.6359375 0.0625 0.059375
7 0.41796875 0.63515625 0.0515625 0.0546875
7 0.5140625 0.634375 0.05 0.05625
7 0.69453125 0.63515625 0.05625 0.0578125
7 0.7859375 0.63671875 0.0484375 0.05
7 0.14609375 0.71796875 0.046875 0.05
7 0.2328125 0.7140625 0.0546875 0.0515625
7 0.3265625 0.7203125 0.0515625 0.0515625
7 0.4171875 0.7171875 0.040625 0.0421875
7 0.5109375 0.71796875 0.046875 0.05
7 0.60234375 0.721875 0.046875 0.0484375
7 0.69375 0.7203125 0.046875 0.0484375
7 0.7859375 0.721875 0.0484375 0.05625
7 0.8734375 0.72421875 0.046875 0.0484375
7 0.14453125 0.80234375 0.046875 0.0484375
7 0.3265625 0.80234375 0.0453125 0.0515625
7 0.41875 0.8046875 0.046875 0.05
7 0.60234375 0.80234375 0.05 0.0484375
7 0.69375 0.80546875 0.046875 0.0453125
7 0.784375 0.8078125 0.0484375 0.05
7 0.8734375 0.809375 0.04375 0.05
7 0.2328125 0.890625 0.04375 0.0421875
7 0.32265625 0.8890625 0.0578125 0.0453125
7 0.78046875 0.88828125 0.040625 0.046875
7 0.871875 0.8890625 0.04375 0.0421875
12 0.5171875 0.88515625 0.0578125 0.0640625
8 0.603125 0.8875 0.05625 0.0625
8 0.42265625 0.8890625 0.0578125 0.065625
11 0.6984375 0.88828125 0.0578125 0.0640625
13 0.60859375 0.45703125 0.0546875 0.0609375
10 0.79609375 0.37890625 0.0625 0.065625
10 0.13515625 0.884375 0.0578125 0.0625
9 0.23203125 0.7984375 0.059375 0.0640625
9 0.50703125 0.8109375 0.0578125 0.0609375
14 0.86796875 0.6421875 0.0484375 0.0625
14 0.14375 0.63046875 0.065625 0.059375
4 0.52421875 0.11328125 0.059375 0.0671875
0 0.525 0.20703125 0.0640625 0.0703125
0 0.61015625 0.1203125 0.0609375 0.0703125
3 0.7015625 0.12421875 0.0671875 0.065625
5 0.4296875 0.10625 0.05625 0.059375
2 0.33203125 0.375 0.0625 0.0640625
2 0.3265625 0.46015625 0.0515625 0.0640625
1 0.2390625 0.28984375 0.0578125 0.0640625
3 0.7015625 0.453125 0.0609375 0.0703125
6 0.603125 0.63515625 0.0625 0.0671875
6 0.51328125 0.45078125 0.065625 0.06875
6 0.14453125 0.365625 0.0546875 0.065625
6 0.8828125 0.37890625 0.0546875 0.065625