12 0.62734375 0.40390625 0.078125 0.078125
8 0.465625 0.70234375 0.071875 0.071875
8 0.7859375 0.71796875 0.075 0.0765625
11 0.72421875 0.55546875 0.075 0.075
11 0.69296875 0.27890625 0.078125 0.0765625
13 0.7265625 0.4703125 0.0828125 0.078125
13 0.54296875 0.29765625 0.0734375 0.071875
10 0.3875 0.40546875 0.084375 0.078125
10 0.7109375 0.35859375 0.078125 0.0703125
9 0.6796875 0.76171875 0.075 0.08125
9 0.33359375 0.77109375 0.075 0.075
14 0.634375 0.66796875 0.075 0.075
14 0.31953125 0.86484375 0.0796875 0.0734375
14 0.465625 0.90859375 0.075 0.075
14 0.46796875 0.43359375 0.0703125 0.0734375
14 0.39140625 0.56484375 0.0671875 0.0703125
4 0.3015625 0.5375 0.0765625 0.075
0 0.22265625 0.59921875 0.0765625 0.0765625
0 0.37734375 0.6765625 0.06875 0.071875
3 0.3640625 0.4875 0.08125 0.0734375
3 0.76484375 0.628125 0.078125 0.0796875
5 0.42890625 0.81640625 0.0703125 0.0765625
5 0.29296875 0.65234375 0.0796875 0.08125
2 0.60234375 0.8375 0.0734375 0.0765625
2 0.51875 0.8 0.0734375 0.0828125
1 0.53046875 0.646875 0.0671875 0.075
1 0.51171875 0.565625 0.06875 0.075
6 0.54375 0.40859375 0.06875 0.078125
6 0.5859375 0.48046875 0.0734375 0.071875
6 0.63046875 0.57890625 0.071875 0.0765625
6 0.45078125 0.5125 0.075 0.0703125
6 0.45078125 0.6203125 0.071875 0.0703125