12 0.86875 0.78515625 0.065625 0.0734375
8 0.359375 0.62890625 0.0671875 0.0734375
8 0.63828125 0.46953125 0.0671875 0.0703125
11 0.41484375 0.31875 0.071875 0.0703125
11 0.44140625 0.8859375 0.0703125 0.06875
13 0.39453125 0.45546875 0.071875 0.0671875
13 0.35859375 0.76328125 0.0734375 0.0703125
10 0.31875 0.91640625 0.0859375 0.078125
10 0.265625 0.7140625 0.0671875 0.0703125
9 0.69296875 0.1609375 0.0703125 0.071875
9 0.5796875 0.225 0.06875 0.0703125
14 0.55 0.784375 0.0734375 0.071875
14 0.63125 0.59296875 0.06875 0.075
14 0.48515625 0.640625 0.075 0.071875
14 0.2578125 0.23203125 0.071875 0.0796875
14 0.39296875 0.21875 0.078125 0.0765625
4 0.7546875 0.51484375 0.0703125 0.0734375
0 0.81015625 0.64296875 0.0671875 0.065625
0 0.70390625 0.275 0.075 0.0765625
3 0.78203125 0.43046875 0.065625 0.071875
3 0.66328125 0.87109375 0.075 0.0765625
5 0.6859375 0.3703125 0.0765625 0.078125
5 0.50703125 0.48671875 0.065625 0.06875
2 0.28046875 0.47421875 0.071875 0.075
2 0.1796875 0.4375 0.071875 0.071875
1 0.60703125 0.703125 0.0734375 0.0703125
1 0.23359375 0.59609375 0.075 0.0734375
6 0.146875 0.3 0.0734375 0.071875
6 0.26015625 0.33359375 0.059375 0.0625
6 0.54921875 0.11953125 0.0703125 0.071875
6 0.540625 0.35625 0.0703125 0.0734375
6 0.70703125 0.74921875 0.0765625 0.075