7 0.5359375 0.01640625 0.06875 0.0328125
7 0.45546875 0.03515625 0.0625 0.065625
7 0.37734375 0.08046875 0.08125 0.0796875
7 0.05703125 0.26171875 0.0734375 0.078125
7 0.65546875 0.02734375 0.0765625 0.0546875
7 0.57734375 0.06328125 0.0625 0.0640625
7 0.4953125 0.1109375 0.0609375 0.06875
7 0.4140625 0.1546875 0.06875 0.0734375
7 0.25859375 0.246875 0.0703125 0.0734375
7 0.178125 0.29609375 0.065625 0.0703125
7 0.09765625 0.33671875 0.0671875 0.0671875
7 0.02421875 0.3796875 0.0484375 0.078125
7 0.69765625 0.09375 0.071875 0.0734375
7 0.61953125 0.140625 0.075 0.075
7 0.5375 0.1875 0.065625 0.065625
7 0.459375 0.23203125 0.06875 0.06875
7 0.3 0.32109375 0.065625 0.065625
7 0.22265625 0.36796875 0.078125 0.0765625
7 0.140625 0.41328125 0.0703125 0.0703125
7 0.58125 0.2640625 0.0640625 0.06875
7 0.50078125 0.31015625 0.071875 0.0640625
7 0.34375 0.3984375 0.075 0.075
7 0.2609375 0.43671875 0.078125 0.08125
7 0.18125 0.48828125 0.06875 0.071875
7 0.10078125 0.53203125 0.0671875 0.075
7 0.78046875 0.2453125 0.06875 0.06875
7 0.70546875 0.28984375 0.0703125 0.065625
7 0.62578125 0.33515625 0.075 0.071875
7 0.46484375 0.4234375 0.0640625 0.065625
7 0.3828125 0.4671875 0.0625 0.0640625
7 0.22578125 0.55625 0.0671875 0.0671875
7 0.825 0.32421875 0.059375 0.0609375
7 0.7453125 0.3703125 0.05625 0.0578125
7 0.6640625 0.4140625 0.059375 0.0578125
7 0.34765625 0.59609375 0.059375 0.059375
7 0.26796875 0.640625 0.0671875 0.0671875
7 0.184375 0.68046875 0.059375 0.0625
7 0.78671875 0.440625 0.0671875 0.0671875
7 0.70703125 0.48515625 0.06875 0.071875
7 0.6265625 0.5328125 0.0640625 0.0671875
7 0.54375 0.57890625 0.0796875 0.078125
7 0.46640625 0.62109375 0.059375 0.0640625
7 0.38984375 0.66484375 0.078125 0.0765625
7 0.91015625 0.471875 0.065625 0.0703125
7 0.75 0.559375 0.0671875 0.0640625
7 0.509375 0.6953125 0.06875 0.0734375
7 0.43125 0.74140625 0.06875 0.06875
7 0.35 0.7859375 0.0640625 0.0625
7 0.27109375 0.83203125 0.0671875 0.06875
7 0.95078125 0.546875 0.065625 0.0671875
7 0.871875 0.59375 0.0671875 0.0671875
7 0.78671875 0.6375 0.06875 0.071875
7 0.71484375 0.6796875 0.05625 0.0578125
7 0.54921875 0.77109375 0.06875 0.071875
7 0.47109375 0.81640625 0.065625 0.071875
7 0.3140625 0.9078125 0.0671875 0.0734375
7 0.98203125 0.61875 0.0359375 0.05625
7 0.9140625 0.66484375 0.0609375 0.059375
7 0.67265625 0.79921875 0.0609375 0.0609375
7 0.51328125 0.8859375 0.0625 0.0609375
7 0.4359375 0.9359375 0.071875 0.0671875
7 0.35390625 0.97109375 0.0734375 0.0578125
12 0.628125 0.7328125 0.0890625 0.0890625
8 0.67265625 0.6015625 0.0890625 0.0875
8 0.58359375 0.8421875 0.0828125 0.0828125
11 0.83125 0.7015625 0.084375 0.0875
11 0.59765625 0.65234375 0.090625 0.090625
13 0.42734375 0.54609375 0.078125 0.078125
13 0.58984375 0.4703125 0.0859375 0.0859375
10 0.31171875 0.71171875 0.0828125 0.0875
9 0.75 0.753125 0.0828125 0.0828125
9 0.38984375 0.86875 0.090625 0.0921875
14 0.23046875 0.7609375 0.090625 0.0921875
14 0.50234375 0.50546875 0.0828125 0.0859375
14 0.8640625 0.39921875 0.0875 0.0890625
4 0.3 0.13046875 0.0875 0.0890625
0 0.21796875 0.175 0.0890625 0.0890625
0 0.33828125 0.1953125 0.096875 0.0953125
3 0.37421875 0.26953125 0.0875 0.0890625
3 0.140625 0.22265625 0.090625 0.0921875
5 0.82890625 0.51640625 0.0875 0.090625
5 0.05546875 0.4578125 0.09375 0.0984375
2 0.65390625 0.22421875 0.096875 0.0953125
1 0.540625 0.37890625 0.1 0.09375
1 0.29296875 0.515625 0.0921875 0.090625
6 0.72265625 0.1734375 0.09375 0.090625
6 0.4109375 0.35 0.09375 0.0921875
6 0.13828125 0.609375 0.0953125 0.0921875