12 0.2203125 0.39140625 0.209375 0.2078125
8 0.3671875 0.284375 0.1984375 0.196875
11 0.5171875 0.18359375 0.1921875 0.19375
13 0.5359375 0.3640625 0.19375 0.1921875
10 0.2390625 0.57109375 0.2015625 0.1984375
9 0.3875 0.47109375 0.1984375 0.2
14 0.67890625 0.2609375 0.1875 0.1890625
4 0.43046875 0.68828125 0.1953125 0.1921875
0 0.578125 0.5859375 0.19375 0.19375
3 0.72421875 0.48828125 0.1921875 0.190625
5 0.74296875 0.6625 0.1765625 0.178125
2 0.4484375 0.8609375 0.1859375 0.1859375
1 0.5953125 0.765625 0.1796875 0.1796875
6 0.8828125 0.56328125 0.184375 0.184375