12 0.46640625 0.665625 0.0625 0.0640625
8 0.45078125 0.42421875 0.0609375 0.065625
8 0.5171875 0.76328125 0.0609375 0.0625
11 0.14921875 0.53984375 0.065625 0.0640625
11 0.49453125 0.303125 0.0640625 0.06875
13 0.8578125 0.62265625 0.0640625 0.0625
13 0.73125 0.29921875 0.065625 0.065625
10 0.6234375 0.225 0.0671875 0.0703125
10 0.6515625 0.3171875 0.0625 0.0609375
9 0.278125 0.30703125 0.0609375 0.0609375
9 0.7828125 0.73984375 0.0671875 0.0671875
14 0.7609375 0.4171875 0.059375 0.0609375
14 0.6640625 0.40078125 0.075 0.0765625
14 0.35234375 0.590625 0.075 0.075
14 0.36015625 0.66640625 0.0640625 0.065625
14 0.67890625 0.50390625 0.075 0.075
4 0.1609375 0.4203125 0.0625 0.0640625
0 0.81328125 0.6734375 0.0609375 0.0609375
0 0.56796875 0.859375 0.065625 0.0640625
3 0.55546875 0.37109375 0.0640625 0.0640625
3 0.3421875 0.496875 0.0640625 0.065625
5 0.415625 0.2703125 0.0671875 0.0671875
5 0.5421875 0.46875 0.0671875 0.0671875
2 0.44453125 0.77421875 0.0625 0.0640625
2 0.446875 0.5703125 0.0609375 0.0671875
1 0.5984375 0.65859375 0.06875 0.071875
1 0.74609375 0.7984375 0.0640625 0.065625
6 0.16953125 0.2828125 0.0609375 0.0578125
6 0.0828125 0.4734375 0.0609375 0.0625
6 0.534375 0.5875 0.059375 0.059375
6 0.28984375 0.72421875 0.0640625 0.065625
6 0.82890625 0.51796875 0.06875 0.065625