12 0.45703125 0.18046875 0.1953125 0.203125
8 0.2390625 0.32421875 0.2 0.1828125
8 0.43203125 0.3625 0.19375 0.18125
11 0.5734375 0.74375 0.2046875 0.1953125
11 0.803125 0.5890625 0.2 0.1796875
13 0.2 0.50078125 0.2 0.1859375
13 0.36171875 0.71171875 0.196875 0.1859375
10 0.8234375 0.40625 0.19375 0.1734375
10 0.62578125 0.38203125 0.1890625 0.1890625
9 0.403125 0.5296875 0.1921875 0.1796875
9 0.784375 0.77890625 0.2 0.2
14 0.26875 0.14453125 0.2015625 0.1984375
14 0.6453125 0.20078125 0.190625 0.190625
14 0.8453125 0.22578125 0.175 0.1625
14 0.6015625 0.55546875 0.190625 0.178125
14 0.153125 0.67890625 0.190625 0.1734375