12 0.39453125 0.3484375 0.0765625 0.078125
8 0.4625 0.29140625 0.0765625 0.0734375
8 0.54921875 0.38125 0.065625 0.065625
11 0.65859375 0.446875 0.0734375 0.0703125
11 0.58125 0.321875 0.0671875 0.0671875
13 0.44140625 0.18828125 0.071875 0.075
13 0.6 0.7640625 0.071875 0.0734375
10 0.7578125 0.6671875 0.071875 0.0734375
10 0.32734375 0.1890625 0.0734375 0.0765625
9 0.40625 0.56875 0.071875 0.0734375
9 0.421875 0.7921875 0.0703125 0.0734375
14 0.859375 0.62890625 0.0703125 0.06875
14 0.6375 0.60859375 0.0703125 0.06875
14 0.45 0.640625 0.0734375 0.0765625
14 0.3796875 0.6796875 0.0765625 0.078125
14 0.3296875 0.5015625 0.0734375 0.075
4 0.2765625 0.63046875 0.0703125 0.071875
0 0.4921875 0.559375 0.0671875 0.06875
0 0.83125 0.3765625 0.06875 0.0703125
3 0.69140625 0.3453125 0.071875 0.0734375
3 0.23671875 0.42890625 0.0765625 0.0765625
5 0.1328125 0.4765625 0.075 0.0765625
5 0.88828125 0.48359375 0.0734375 0.0765625
2 0.77890625 0.48984375 0.0765625 0.0765625
2 0.6703125 0.2515625 0.078125 0.0796875
1 0.1640625 0.309375 0.065625 0.0671875
1 0.52734375 0.70390625 0.071875 0.0734375
6 0.5203125 0.184375 0.0703125 0.06875
6 0.37734375 0.2609375 0.078125 0.078125
6 0.540625 0.49921875 0.0640625 0.065625
6 0.44375 0.4703125 0.0671875 0.065625
6 0.734375 0.77265625 0.0828125 0.0828125