12 0.36796875 0.64296875 0.084375 0.084375
8 0.653125 0.79453125 0.0828125 0.08125
8 0.525 0.71484375 0.0796875 0.0796875
11 0.60625 0.4671875 0.0875 0.0828125
11 0.3078125 0.58828125 0.0796875 0.0765625
13 0.6953125 0.70859375 0.084375 0.08125
13 0.45078125 0.4875 0.0765625 0.0796875
10 0.23359375 0.471875 0.084375 0.0859375
10 0.5296875 0.50625 0.0765625 0.0734375
9 0.3734375 0.77734375 0.078125 0.0796875
9 0.596875 0.55625 0.0734375 0.075
14 0.52109375 0.58828125 0.065625 0.0765625
14 0.5859375 0.6375 0.071875 0.078125
14 0.29375 0.6734375 0.0765625 0.084375
14 0.3875 0.35703125 0.075 0.084375
14 0.53359375 0.42421875 0.075 0.0828125
4 0.30625 0.39765625 0.075 0.0828125
0 0.5890625 0.36328125 0.0828125 0.0890625
0 0.46640625 0.3265625 0.0875 0.0890625
3 0.45390625 0.75390625 0.0828125 0.0765625
3 0.6734375 0.52265625 0.0875 0.084375
5 0.60859375 0.72109375 0.08125 0.0765625
5 0.38671875 0.5328125 0.0734375 0.0703125
2 0.45625 0.409375 0.0734375 0.071875
2 0.6625 0.6078125 0.084375 0.0796875
1 0.2296875 0.56171875 0.0828125 0.0796875
1 0.56640625 0.7890625 0.084375 0.0828125
6 0.4578125 0.8390625 0.090625 0.0875
6 0.31640625 0.4875 0.0859375 0.0796875
6 0.3828125 0.4375 0.0828125 0.0765625
6 0.45703125 0.67109375 0.0828125 0.0859375
6 0.43671875 0.58828125 0.0828125 0.096875