12 0.66640625 0.32578125 0.0484375 0.0546875
8 0.56328125 0.7828125 0.046875 0.0453125
8 0.721875 0.6671875 0.0453125 0.0546875
11 0.84296875 0.55390625 0.0515625 0.0515625
11 0.4125 0.3421875 0.05 0.046875
13 0.50546875 0.51953125 0.04375 0.0453125
13 0.76953125 0.30546875 0.0453125 0.0484375
10 0.76875 0.390625 0.04375 0.0515625
10 0.653125 0.4078125 0.05 0.0546875
9 0.540625 0.24296875 0.0453125 0.046875
9 0.2078125 0.48359375 0.0484375 0.0484375
14 0.31171875 0.4671875 0.0484375 0.0453125
14 0.3390625 0.38203125 0.05 0.0484375
14 0.75078125 0.58359375 0.04375 0.0484375
14 0.81015625 0.47890625 0.0421875 0.0484375
14 0.84453125 0.378125 0.0484375 0.0546875
4 0.22265625 0.6703125 0.0546875 0.05625
0 0.3390625 0.52578125 0.05 0.0484375
0 0.6046875 0.6078125 0.0453125 0.0515625
3 0.43828125 0.79140625 0.0515625 0.0546875
3 0.6578125 0.55390625 0.046875 0.05625
5 0.71171875 0.22265625 0.046875 0.0546875
5 0.80703125 0.63515625 0.0484375 0.0546875
2 0.42890625 0.5796875 0.046875 0.0484375
2 0.3390625 0.73828125 0.05 0.0515625
1 0.40546875 0.43046875 0.0484375 0.04375
1 0.45234375 0.49375 0.0421875 0.0453125
6 0.60625 0.2140625 0.0515625 0.0515625
6 0.5890625 0.365625 0.05 0.0484375
6 0.49453125 0.425 0.04375 0.0515625
6 0.58203125 0.5390625 0.0421875 0.0453125
6 0.51796875 0.59453125 0.0484375 0.0484375