7 0.184375 0.05546875 0.05625 0.059375
7 0.28984375 0.0546875 0.0578125 0.0578125
7 0.39296875 0.0546875 0.0671875 0.0609375
7 0.8171875 0.0546875 0.0625 0.0671875
7 0.9203125 0.0546875 0.0625 0.0640625
7 0.0796875 0.15390625 0.078125 0.059375
7 0.18515625 0.153125 0.0609375 0.0609375
7 0.28984375 0.1546875 0.0734375 0.0640625
7 0.39453125 0.153125 0.0609375 0.0640625
7 0.6046875 0.1546875 0.0625 0.0640625
7 0.7109375 0.1546875 0.059375 0.0609375
7 0.81640625 0.15390625 0.0640625 0.0625
7 0.92109375 0.15078125 0.0640625 0.0671875
7 0.39609375 0.2546875 0.0640625 0.065625
7 0.60625 0.25703125 0.065625 0.0578125
7 0.71171875 0.253125 0.0609375 0.065625
7 0.18671875 0.3515625 0.0609375 0.0625
7 0.29296875 0.353125 0.0640625 0.065625
7 0.3984375 0.3515625 0.065625 0.0625
7 0.50078125 0.35390625 0.0609375 0.0640625
7 0.60390625 0.3515625 0.0578125 0.0625
7 0.81484375 0.35 0.0640625 0.0625
7 0.07890625 0.44765625 0.0609375 0.059375
7 0.18359375 0.44765625 0.0609375 0.059375
7 0.28984375 0.44609375 0.0609375 0.0625
7 0.39140625 0.45 0.0671875 0.0640625
7 0.49765625 0.45 0.0578125 0.0609375
7 0.6015625 0.44921875 0.071875 0.0515625
7 0.70625 0.4453125 0.065625 0.0640625
7 0.81171875 0.44609375 0.0625 0.0625
7 0.91171875 0.4484375 0.059375 0.0609375
7 0.18671875 0.55390625 0.05 0.0515625
7 0.290625 0.55078125 0.059375 0.05625
7 0.3953125 0.5515625 0.059375 0.0609375
7 0.4984375 0.54765625 0.0625 0.0625
7 0.603125 0.55078125 0.06875 0.0625
7 0.71015625 0.55 0.0578125 0.0671875
7 0.9109375 0.55078125 0.0578125 0.0625
7 0.08828125 0.64609375 0.071875 0.0546875
7 0.184375 0.64375 0.0484375 0.059375
7 0.60078125 0.6453125 0.0578125 0.06875
7 0.8140625 0.65234375 0.059375 0.0625
7 0.18671875 0.746875 0.0765625 0.078125
7 0.28984375 0.7484375 0.0609375 0.071875
7 0.39375 0.74375 0.065625 0.065625
7 0.496875 0.7421875 0.06875 0.06875
7 0.60078125 0.7421875 0.0734375 0.071875
7 0.809375 0.75 0.0765625 0.06875
7 0.91796875 0.74921875 0.0625 0.0734375
7 0.07890625 0.84375 0.0703125 0.0609375
7 0.18671875 0.840625 0.0640625 0.0609375
7 0.28828125 0.840625 0.0671875 0.0640625
7 0.39296875 0.840625 0.0640625 0.0703125
7 0.6046875 0.8421875 0.059375 0.0671875
7 0.70859375 0.84453125 0.0609375 0.065625
7 0.81171875 0.846875 0.059375 0.0609375
7 0.915625 0.8453125 0.0609375 0.0734375
7 0.0765625 0.94375 0.059375 0.0671875
7 0.38984375 0.94453125 0.0734375 0.06875
7 0.81171875 0.9390625 0.06875 0.0703125
7 0.9171875 0.94140625 0.0671875 0.065625
12 0.5046875 0.946875 0.06875 0.0796875
8 0.5 0.85 0.071875 0.078125
8 0.6046875 0.946875 0.071875 0.0796875
11 0.71015625 0.95 0.0703125 0.0734375
11 0.290625 0.95078125 0.071875 0.078125
13 0.7078125 0.75390625 0.071875 0.0734375
13 0.0859375 0.7484375 0.0765625 0.071875
10 0.1703125 0.95 0.071875 0.0734375
9 0.921875 0.34921875 0.075 0.0734375
9 0.17890625 0.253125 0.0765625 0.075
10 0.81171875 0.55390625 0.08125 0.078125
14 0.08828125 0.5546875 0.078125 0.0703125
14 0.50078125 0.64453125 0.0734375 0.0765625
14 0.7125 0.6453125 0.078125 0.078125
14 0.92578125 0.646875 0.0734375 0.078125
4 0.50234375 0.05078125 0.0796875 0.08125
0 0.61015625 0.05234375 0.0703125 0.078125
0 0.50546875 0.15390625 0.0703125 0.075
3 0.50234375 0.27109375 0.0765625 0.071875
3 0.71484375 0.04609375 0.0734375 0.08125
5 0.078125 0.25078125 0.071875 0.0734375
5 0.92421875 0.25 0.0734375 0.075
2 0.39140625 0.65625 0.0734375 0.0734375
2 0.07421875 0.053125 0.0734375 0.0828125
1 0.821875 0.25625 0.075 0.075
1 0.2828125 0.26640625 0.075 0.075
6 0.28828125 0.6546875 0.0765625 0.0703125
6 0.08203125 0.353125 0.078125 0.078125
6 0.71875 0.3546875 0.075 0.075