12 0.38671875 0.9 0.08125 0.0796875
8 0.40078125 0.7859375 0.075 0.075
8 0.69296875 0.390625 0.0765625 0.075
11 0.48359375 0.7375 0.08125 0.08125
11 0.42734375 0.325 0.075 0.075
13 0.590625 0.72734375 0.078125 0.078125
13 0.2390625 0.47421875 0.0796875 0.078125
10 0.58828125 0.62890625 0.0796875 0.078125
10 0.31328125 0.40078125 0.06875 0.06875
9 0.4328125 0.24453125 0.078125 0.0796875
9 0.228125 0.67890625 0.0828125 0.0796875
14 0.278125 0.778125 0.078125 0.078125
14 0.3828125 0.6703125 0.0828125 0.0796875
14 0.309375 0.571875 0.0796875 0.0796875
14 0.59140625 0.8765625 0.075 0.075
14 0.79609375 0.60859375 0.078125 0.078125
4 0.62578125 0.2890625 0.08125 0.08125
0 0.5140625 0.26328125 0.071875 0.071875
0 0.44375 0.15390625 0.08125 0.08125
3 0.47421875 0.4203125 0.078125 0.078125
3 0.1921875 0.56796875 0.0828125 0.0828125
5 0.4859375 0.57890625 0.0859375 0.0859375
5 0.2421875 0.3078125 0.0828125 0.0828125
2 0.60390625 0.45390625 0.0765625 0.075
2 0.55 0.37109375 0.075 0.075
1 0.53359375 0.50546875 0.075 0.0765625
1 0.52421875 0.18671875 0.075 0.075
6 0.40390625 0.49140625 0.078125 0.078125
6 0.628125 0.52578125 0.078125 0.078125
6 0.69453125 0.665625 0.0828125 0.0828125
6 0.75 0.49140625 0.08125 0.08125
6 0.86640625 0.50546875 0.0828125 0.0828125