12 0.79921875 0.34609375 0.0640625 0.0671875
8 0.75234375 0.6921875 0.0671875 0.0671875
8 0.48984375 0.33671875 0.0609375 0.0578125
11 0.415625 0.421875 0.0671875 0.0671875
11 0.63046875 0.5125 0.0671875 0.0703125
13 0.35234375 0.6984375 0.0625 0.06875
13 0.7671875 0.16640625 0.0671875 0.06875
10 0.24140625 0.67109375 0.0640625 0.0703125
10 0.7140625 0.8328125 0.0671875 0.0703125
9 0.5578125 0.43828125 0.065625 0.065625
9 0.2140625 0.5671875 0.0703125 0.071875
14 0.84609375 0.47265625 0.0671875 0.071875
14 0.6078125 0.61328125 0.0640625 0.0671875
14 0.3875 0.82578125 0.06875 0.0625
14 0.2203125 0.7828125 0.06875 0.0671875
14 0.49609375 0.909375 0.0671875 0.0671875
4 0.62265625 0.2875 0.0625 0.065625
0 0.7328125 0.2734375 0.0703125 0.071875
0 0.3328125 0.48984375 0.0609375 0.0640625
3 0.62421875 0.15546875 0.0640625 0.0671875
3 0.3265625 0.184375 0.0625 0.06875
5 0.434375 0.63125 0.06875 0.0671875
5 0.72109375 0.43828125 0.0625 0.065625
2 0.61328125 0.71328125 0.0625 0.0625
2 0.3515625 0.3171875 0.0640625 0.06875
1 0.56875 0.8125 0.06875 0.0734375
1 0.51796875 0.21875 0.0671875 0.0671875
6 0.49296875 0.53359375 0.0671875 0.0640625
6 0.48125 0.7265625 0.0671875 0.0671875
6 0.66015625 0.9078125 0.065625 0.065625
6 0.7640625 0.57421875 0.0703125 0.0640625
6 0.26015625 0.375 0.0640625 0.06875