12 0.240625 0.74375 0.1203125 0.1125
8 0.69609375 0.67734375 0.090625 0.0984375
8 0.240625 0.5546875 0.109375 0.103125
11 0.1578125 0.41328125 0.10625 0.1078125
11 0.2625 0.38515625 0.1 0.103125
13 0.45390625 0.3625 0.103125 0.1046875
13 0.8359375 0.78671875 0.103125 0.1046875
10 0.93125 0.76953125 0.103125 0.1046875
10 0.0890625 0.16171875 0.109375 0.109375
9 0.6765625 0.49453125 0.10625 0.103125
9 0.4265625 0.8765625 0.1109375 0.109375
14 0.4734375 0.63984375 0.1015625 0.1015625
14 0.73984375 0.56953125 0.1015625 0.0984375
14 0.7078125 0.13046875 0.0953125 0.1
14 0.39609375 0.19609375 0.1015625 0.1
14 0.596875 0.8765625 0.10625 0.10625
4 0.80625 0.47265625 0.096875 0.096875
0 0.3546875 0.07890625 0.1015625 0.1046875
3 0.53515625 0.23984375 0.1046875 0.10625
3 0.28359375 0.26640625 0.1078125 0.1109375
5 0.6046875 0.66171875 0.1046875 0.1078125
5 0.55703125 0.0484375 0.1078125 0.096875
2 0.6359375 0.253125 0.103125 0.0984375
2 0.175 0.31640625 0.109375 0.1125
1 0.29375 0.90703125 0.1125 0.1078125
1 0.56953125 0.15546875 0.1046875 0.1078125
6 0.36328125 0.753125 0.1046875 0.1046875
6 0.3390625 0.50625 0.109375 0.115625
6 0.3546875 0.9703125 0.109375 0.059375
6 0.25703125 0.10390625 0.109375 0.109375