12 0.18046875 0.65703125 0.0984375 0.0875
8 0.6359375 0.72734375 0.0703125 0.08125
8 0.2359375 0.4765625 0.090625 0.0796875
11 0.1984375 0.3171875 0.084375 0.0875
11 0.30625 0.3203125 0.078125 0.084375
13 0.49609375 0.3546875 0.08125 0.084375
13 0.7375 0.87265625 0.0828125 0.084375
10 0.83359375 0.88359375 0.08125 0.084375
10 0.20625 0.05625 0.0875 0.0875
9 0.6703125 0.54609375 0.0859375 0.08125
9 0.31953125 0.83828125 0.0890625 0.0875
14 0.43359375 0.62578125 0.08125 0.08125
14 0.709375 0.63671875 0.0828125 0.078125
14 0.80703125 0.2078125 0.075 0.08125
14 0.48984375 0.17890625 0.08125 0.0796875
14 0.4828125 0.88828125 0.0859375 0.084375
4 0.80078125 0.56328125 0.078125 0.078125
0 0.484375 0.0546875 0.0796875 0.084375
3 0.609375 0.26171875 0.0828125 0.0859375
3 0.36171875 0.21328125 0.0859375 0.0890625
5 0.553125 0.68515625 0.0828125 0.0875
5 0.6875 0.08046875 0.0859375 0.0859375
2 0.70234375 0.30390625 0.084375 0.0765625
2 0.24296875 0.2296875 0.0859375 0.090625
1 0.18359375 0.82890625 0.0921875 0.084375
1 0.6671875 0.190625 0.0828125 0.0875
6 0.2953125 0.70234375 0.084375 0.084375
6 0.34453125 0.459375 0.0859375 0.0953125
6 0.21796875 0.92578125 0.0921875 0.075
6 0.38359375 0.05 0.0875 0.0875