12 0.27265625 0.1953125 0.0765625 0.0828125
8 0.72578125 0.515625 0.08125 0.075
8 0.5921875 0.5171875 0.075 0.0765625
11 0.7875 0.74453125 0.084375 0.0828125
11 0.52578125 0.66953125 0.078125 0.0765625
13 0.17421875 0.4796875 0.078125 0.0796875
13 0.7390625 0.6234375 0.0796875 0.0796875
10 0.525 0.82109375 0.084375 0.08125
10 0.6375 0.42734375 0.08125 0.08125
9 0.37578125 0.559375 0.0828125 0.0828125
9 0.18125 0.2984375 0.078125 0.084375
14 0.50390625 0.196875 0.0765625 0.0828125
14 0.509375 0.3203125 0.0765625 0.078125
14 0.4953125 0.39375 0.078125 0.0765625
14 0.22109375 0.38828125 0.0796875 0.0859375
14 0.21640625 0.675 0.0796875 0.0796875
4 0.41015625 0.7609375 0.0765625 0.078125
0 0.87890625 0.5703125 0.0828125 0.08125
0 0.68359375 0.19921875 0.078125 0.08125
3 0.41875 0.215625 0.0796875 0.08125
3 0.4734375 0.61484375 0.075 0.0765625
5 0.196875 0.57734375 0.08125 0.084375
5 0.31171875 0.434375 0.08125 0.078125
2 0.61953125 0.6078125 0.08125 0.0765625
2 0.7375 0.3265625 0.08125 0.0828125
1 0.2921875 0.74765625 0.0828125 0.08125
1 0.4578125 0.49921875 0.071875 0.075
6 0.57890625 0.27890625 0.0765625 0.0765625
6 0.328125 0.33046875 0.0765625 0.0828125
6 0.309375 0.621875 0.08125 0.084375
6 0.615625 0.77734375 0.075 0.0734375
6 0.72578125 0.8515625 0.0859375 0.084375