12 0.75546875 0.50859375 0.0671875 0.0671875
8 0.44453125 0.72265625 0.0671875 0.0671875
8 0.37265625 0.3078125 0.06875 0.0671875
11 0.3359375 0.41171875 0.071875 0.0703125
11 0.2796875 0.55859375 0.0765625 0.075
13 0.8421875 0.25234375 0.0734375 0.071875
13 0.478125 0.3578125 0.0703125 0.0734375
10 0.46796875 0.87734375 0.06875 0.0703125
10 0.85703125 0.47421875 0.0765625 0.0765625
9 0.5796875 0.69765625 0.0765625 0.075
9 0.19765625 0.484375 0.0765625 0.075
14 0.5765625 0.9515625 0.065625 0.0640625
14 0.625 0.80234375 0.06875 0.0703125
14 0.52578125 0.4671875 0.0671875 0.0671875
14 0.68203125 0.64140625 0.0671875 0.0671875
14 0.61875 0.19296875 0.0734375 0.075
4 0.4921875 0.190625 0.071875 0.0734375
0 0.36328125 0.2109375 0.0796875 0.0796875
0 0.1296875 0.65234375 0.0765625 0.078125
3 0.34609375 0.66015625 0.071875 0.0734375
3 0.2609375 0.35546875 0.071875 0.075
5 0.33984375 0.79765625 0.0734375 0.075
5 0.203125 0.7359375 0.0828125 0.0796875
2 0.80703125 0.3640625 0.075 0.0734375
2 0.70234375 0.3 0.0703125 0.0703125
1 0.66171875 0.12578125 0.0703125 0.071875
1 0.609375 0.06640625 0.071875 0.0703125
6 0.7125 0.190625 0.075 0.0765625
6 0.63671875 0.33671875 0.06875 0.0703125
6 0.64375 0.49296875 0.0734375 0.075
6 0.53828125 0.596875 0.071875 0.0734375
6 0.41484375 0.53828125 0.078125 0.0765625