12 0.33359375 0.39609375 0.065625 0.0578125
8 0.18125 0.79375 0.05625 0.05625
8 0.21640625 0.509375 0.0609375 0.0546875
11 0.81328125 0.7140625 0.0609375 0.059375
11 0.371875 0.58671875 0.0609375 0.059375
13 0.49765625 0.6109375 0.05 0.0625
13 0.678125 0.775 0.05625 0.0609375
10 0.23828125 0.859375 0.05625 0.05625
10 0.55078125 0.81640625 0.059375 0.0640625
9 0.44296875 0.50546875 0.0625 0.0609375
9 0.31953125 0.8109375 0.0578125 0.0578125
14 0.7109375 0.278125 0.05625 0.065625
14 0.690625 0.5 0.0609375 0.059375
14 0.825 0.5296875 0.05625 0.059375
14 0.7640625 0.6171875 0.0640625 0.0578125
14 0.334375 0.49765625 0.0609375 0.0578125
4 0.665625 0.58671875 0.0609375 0.05625
0 0.25625 0.671875 0.05625 0.05625
0 0.73984375 0.15390625 0.0625 0.059375
3 0.57578125 0.3859375 0.0546875 0.0625
3 0.26640625 0.2890625 0.059375 0.0625
5 0.6296875 0.66796875 0.0578125 0.059375
5 0.4296875 0.85546875 0.0625 0.0609375
2 0.56640625 0.52421875 0.0546875 0.059375
2 0.6671875 0.390625 0.0578125 0.059375
1 0.2328125 0.3890625 0.0609375 0.059375
1 0.42578125 0.73203125 0.0578125 0.059375
6 0.7859375 0.4234375 0.0625 0.05625
6 0.53515625 0.73515625 0.0609375 0.059375
6 0.34296875 0.69765625 0.0625 0.059375
6 0.171875 0.6390625 0.0625 0.059375
6 0.62734375 0.86953125 0.059375 0.05625