12 0.53671875 0.3046875 0.075 0.075
8 0.55703125 0.796875 0.075 0.075
8 0.39453125 0.66015625 0.0796875 0.0796875
11 0.57421875 0.40390625 0.078125 0.0765625
11 0.6828125 0.27421875 0.084375 0.084375
13 0.6453125 0.84453125 0.0796875 0.08125
13 0.26796875 0.5703125 0.078125 0.0796875
10 0.77421875 0.5265625 0.0875 0.0875
10 0.559375 0.4875 0.08125 0.0828125
9 0.628125 0.18515625 0.0875 0.084375
9 0.42578125 0.4296875 0.0828125 0.08125
14 0.3515625 0.3046875 0.0796875 0.08125
14 0.1546875 0.3328125 0.0828125 0.08125
14 0.54765625 0.5984375 0.0796875 0.078125
14 0.309375 0.70546875 0.0796875 0.0828125
14 0.37890625 0.78515625 0.0796875 0.0796875
4 0.34609375 0.5484375 0.078125 0.078125
0 0.45859375 0.334375 0.08125 0.08125
0 0.659375 0.3953125 0.084375 0.084375
3 0.903125 0.64609375 0.084375 0.0875
3 0.65703125 0.61484375 0.0828125 0.0859375
5 0.771875 0.62734375 0.0828125 0.0828125
5 0.46015625 0.5375 0.08125 0.0828125
2 0.7765625 0.4265625 0.0875 0.0828125
2 0.65546875 0.5140625 0.0828125 0.08125
1 0.49609375 0.721875 0.0796875 0.0796875
1 0.36875 0.88671875 0.084375 0.084375
6 0.53203125 0.14921875 0.08125 0.0796875
6 0.43671875 0.25 0.0796875 0.0796875
6 0.7671875 0.7453125 0.0859375 0.0859375
6 0.628125 0.71796875 0.0828125 0.084375
6 0.48828125 0.89296875 0.084375 0.084375