12 0.353125 0.29296875 0.0515625 0.0546875
8 0.41171875 0.44140625 0.0515625 0.0484375
8 0.66875 0.19609375 0.0375 0.0484375
11 0.70625 0.5375 0.0515625 0.0515625
11 0.54375 0.52734375 0.05625 0.0546875
13 0.38203125 0.70703125 0.0484375 0.05
13 0.61484375 0.62578125 0.05 0.0515625
10 0.69140625 0.7421875 0.0515625 0.0484375
10 0.57109375 0.44609375 0.046875 0.0484375
9 0.3703125 0.79765625 0.0578125 0.0515625
9 0.65234375 0.09453125 0.0515625 0.0515625
14 0.59375 0.896875 0.0546875 0.0515625
14 0.4 0.540625 0.0484375 0.0484375
14 0.28046875 0.503125 0.0578125 0.05625
14 0.25234375 0.33203125 0.0546875 0.0515625
14 0.74609375 0.659375 0.0578125 0.05
4 0.29921875 0.6015625 0.05625 0.0515625
0 0.465625 0.2859375 0.05625 0.05625
0 0.6 0.31796875 0.0515625 0.0546875
3 0.43984375 0.371875 0.0515625 0.05
3 0.7078125 0.371875 0.0453125 0.0546875
5 0.6859375 0.84921875 0.05625 0.0546875
5 0.59453125 0.19609375 0.0515625 0.0515625
2 0.3953125 0.14609375 0.05625 0.0578125
2 0.23828125 0.8046875 0.059375 0.05
1 0.78828125 0.475 0.0578125 0.05
1 0.49765625 0.565625 0.05 0.05625
6 0.4671875 0.69921875 0.0515625 0.0515625
6 0.5171875 0.74375 0.05 0.0515625
6 0.5875 0.7703125 0.0546875 0.0546875
6 0.51484375 0.83828125 0.05625 0.05625
6 0.4296875 0.8671875 0.05625 0.0578125