12 0.6 0.31015625 0.05625 0.059375
8 0.72421875 0.5078125 0.05625 0.05625
8 0.1796875 0.6625 0.06875 0.0609375
11 0.53125 0.79609375 0.05625 0.059375
11 0.5421875 0.63671875 0.059375 0.0578125
13 0.30234375 0.66015625 0.05625 0.059375
13 0.20234375 0.5703125 0.0625 0.059375
10 0.275 0.76015625 0.0609375 0.0625
10 0.13671875 0.47109375 0.0640625 0.0640625
9 0.8109375 0.66640625 0.0671875 0.065625
9 0.54609375 0.4515625 0.059375 0.0609375
14 0.41484375 0.79375 0.059375 0.0625
14 0.6359375 0.40078125 0.05625 0.0578125
14 0.50390625 0.24921875 0.0578125 0.0640625
14 0.2328125 0.25234375 0.0640625 0.0609375
14 0.36015625 0.59609375 0.0578125 0.05625
4 0.878125 0.465625 0.0609375 0.065625
0 0.70859375 0.1921875 0.0609375 0.0609375
0 0.8453125 0.34921875 0.0609375 0.0609375
3 0.3859375 0.49921875 0.059375 0.0578125
3 0.60390625 0.16015625 0.0609375 0.059375
5 0.8875 0.61875 0.059375 0.0609375
5 0.44375 0.57890625 0.0578125 0.0578125
2 0.8203125 0.5359375 0.059375 0.05625
2 0.428125 0.4078125 0.059375 0.0609375
1 0.8421875 0.2328125 0.0609375 0.0609375
1 0.69296875 0.74296875 0.065625 0.0609375
6 0.17265625 0.35703125 0.0671875 0.0609375
6 0.27421875 0.4765625 0.065625 0.0640625
6 0.38828125 0.24375 0.0578125 0.065625
6 0.59609375 0.52578125 0.05625 0.059375
6 0.69609375 0.60390625 0.059375 0.0609375