12 0.61015625 0.315625 0.059375 0.0625
8 0.7234375 0.51953125 0.059375 0.059375
8 0.171875 0.6453125 0.071875 0.0640625
11 0.515625 0.79765625 0.059375 0.0625
11 0.53515625 0.6390625 0.0625 0.0609375
13 0.29453125 0.64921875 0.059375 0.0625
13 0.19921875 0.5546875 0.065625 0.0625
10 0.26171875 0.74765625 0.0640625 0.065625
10 0.1390625 0.45234375 0.0671875 0.0671875
9 0.8015625 0.6828125 0.0703125 0.06875
9 0.5484375 0.45390625 0.0625 0.0640625
14 0.39921875 0.7890625 0.0625 0.065625
14 0.640625 0.4078125 0.059375 0.0609375
14 0.5171875 0.25 0.0609375 0.0671875
14 0.24609375 0.2390625 0.0671875 0.0640625
14 0.35546875 0.58828125 0.0609375 0.059375
4 0.8796875 0.48515625 0.0640625 0.06875
0 0.72421875 0.20390625 0.0640625 0.0640625
0 0.85234375 0.3671875 0.0640625 0.0640625
3 0.3859375 0.49296875 0.0625 0.0609375
3 0.621875 0.16640625 0.0640625 0.0625
5 0.88046875 0.6390625 0.0625 0.0640625
5 0.43984375 0.57578125 0.0609375 0.0609375
2 0.81796875 0.55234375 0.0625 0.059375
2 0.4328125 0.40390625 0.0625 0.0640625
1 0.85546875 0.25078125 0.0640625 0.0640625
1 0.6796875 0.753125 0.06875 0.0640625
6 0.18046875 0.33984375 0.0703125 0.0640625
6 0.27578125 0.46484375 0.06875 0.0671875
6 0.4015625 0.23828125 0.0609375 0.06875
6 0.59453125 0.53046875 0.059375 0.0625
6 0.690625 0.6140625 0.0625 0.0640625