12 0.51015625 0.22109375 0.0515625 0.0546875
8 0.51640625 0.55078125 0.0515625 0.05625
8 0.2421875 0.3328125 0.0515625 0.0546875
11 0.5859375 0.75625 0.0546875 0.05625
11 0.60078125 0.90234375 0.05 0.0515625
13 0.46875 0.35859375 0.0484375 0.05
13 0.75625 0.91171875 0.05625 0.059375
10 0.7671875 0.4203125 0.05 0.05625
10 0.628125 0.5953125 0.05 0.0578125
9 0.24296875 0.15625 0.0546875 0.0546875
9 0.5671875 0.41875 0.0515625 0.05
14 0.38671875 0.18125 0.0546875 0.05625
14 0.6359375 0.08984375 0.0484375 0.0515625
14 0.1828125 0.84453125 0.0515625 0.05625
14 0.36953125 0.340625 0.0515625 0.0546875
14 0.3015625 0.23359375 0.05 0.05625
4 0.20078125 0.6859375 0.05625 0.05625
0 0.74609375 0.26015625 0.0546875 0.05625
0 0.27578125 0.92109375 0.0515625 0.0546875
3 0.2921875 0.72578125 0.0484375 0.0515625
3 0.27421875 0.42890625 0.0515625 0.05
5 0.40703125 0.47421875 0.05625 0.059375
5 0.43125 0.65859375 0.0515625 0.0484375
2 0.66328125 0.33203125 0.0484375 0.0515625
2 0.77265625 0.57265625 0.0484375 0.046875
1 0.61953125 0.23046875 0.0515625 0.0515625
1 0.29375 0.59609375 0.0515625 0.0484375
6 0.7125 0.165625 0.0515625 0.05
6 0.18359375 0.52109375 0.05 0.0484375
6 0.66484375 0.478125 0.0515625 0.0546875
6 0.73515625 0.70703125 0.0515625 0.0546875
6 0.40546875 0.8515625 0.0515625 0.05625