12 0.38671875 0.24453125 0.0703125 0.071875
8 0.53671875 0.53828125 0.0703125 0.0734375
8 0.1953125 0.4625 0.0703125 0.071875
11 0.68984375 0.69296875 0.0734375 0.075
11 0.7671875 0.8171875 0.0671875 0.06875
13 0.41015625 0.38671875 0.065625 0.065625
13 0.9109375 0.7578125 0.0765625 0.078125
10 0.70546875 0.3109375 0.0703125 0.071875
10 0.65703125 0.5296875 0.0703125 0.0734375
9 0.11796875 0.30390625 0.0734375 0.0734375
9 0.525 0.39765625 0.06875 0.0671875
14 0.25859375 0.26328125 0.0734375 0.075
14 0.4421875 0.071875 0.065625 0.0671875
14 0.365625 0.9484375 0.0703125 0.0734375
14 0.3125 0.4140625 0.0703125 0.071875
14 0.2046875 0.34765625 0.0703125 0.071875
4 0.3125 0.7984375 0.075 0.075
0 0.61640625 0.1765625 0.0734375 0.075
0 0.48203125 0.9703125 0.0703125 0.059375
3 0.4125 0.79375 0.065625 0.0671875
3 0.265625 0.53515625 0.06875 0.0671875
5 0.40546875 0.51796875 0.0765625 0.078125
5 0.5078125 0.67265625 0.0671875 0.065625
2 0.5734375 0.27734375 0.065625 0.0671875
2 0.7765625 0.44609375 0.0640625 0.0640625
1 0.4890625 0.20546875 0.06875 0.06875
1 0.35703125 0.6765625 0.0671875 0.065625
6 0.54453125 0.10625 0.06875 0.0671875
6 0.225 0.6578125 0.065625 0.065625
6 0.63828125 0.4078125 0.0703125 0.071875
6 0.80234375 0.5828125 0.0703125 0.071875
6 0.56953125 0.8578125 0.0703125 0.0734375