12 0.3390625 0.734375 0.0546875 0.0578125
8 0.721875 0.44453125 0.059375 0.0515625
8 0.61015625 0.6015625 0.0609375 0.059375
11 0.74296875 0.634375 0.0609375 0.059375
11 0.21328125 0.3296875 0.0609375 0.059375
13 0.27265625 0.646875 0.0625 0.059375
13 0.20625 0.7625 0.059375 0.0578125
10 0.2359375 0.559375 0.0609375 0.0578125
10 0.54609375 0.49609375 0.059375 0.0609375
9 0.49296875 0.88515625 0.0609375 0.0609375
9 0.63515625 0.11796875 0.0609375 0.065625
14 0.325 0.10625 0.05625 0.05625
14 0.3546875 0.33359375 0.05625 0.059375
14 0.215625 0.465625 0.059375 0.05625
14 0.3734375 0.85078125 0.0609375 0.0546875
14 0.71484375 0.7109375 0.0578125 0.05625
4 0.3625 0.5390625 0.059375 0.05625
0 0.64921875 0.80390625 0.0578125 0.05625
0 0.609375 0.37890625 0.0515625 0.059375
3 0.5703125 0.70390625 0.059375 0.059375
3 0.4171875 0.425 0.0578125 0.065625
5 0.4640625 0.578125 0.0515625 0.05625
5 0.715625 0.5421875 0.05625 0.059375
2 0.74921875 0.309375 0.05 0.0578125
2 0.40234375 0.646875 0.05625 0.05625
1 0.46796875 0.74453125 0.0546875 0.0546875
1 0.240625 0.2109375 0.0546875 0.05625
6 0.4546875 0.1578125 0.0578125 0.0578125
6 0.37734375 0.22109375 0.059375 0.0671875
6 0.484375 0.2890625 0.0578125 0.0625
6 0.578125 0.21953125 0.05625 0.0640625
6 0.7171875 0.209375 0.059375 0.059375