12 0.5234375 0.34765625 0.0921875 0.090625
8 0.82578125 0.30703125 0.0921875 0.090625
8 0.22890625 0.36484375 0.1015625 0.1
11 0.7515625 0.2140625 0.0890625 0.0921875
11 0.52578125 0.6 0.0875 0.0921875
13 0.4234375 0.54296875 0.078125 0.078125
13 0.4265625 0.4578125 0.08125 0.084375
10 0.35 0.4453125 0.0875 0.0875
10 0.6234375 0.6421875 0.084375 0.084375
9 0.27421875 0.240625 0.0875 0.0921875
9 0.796875 0.65390625 0.096875 0.096875
14 0.196875 0.25703125 0.0875 0.0875
14 0.5828125 0.125 0.090625 0.09375
14 0.703125 0.29375 0.0921875 0.090625
14 0.74453125 0.528125 0.0890625 0.090625
14 0.34375 0.5234375 0.090625 0.0921875
4 0.2453125 0.55234375 0.0859375 0.0859375
0 0.565625 0.696875 0.0890625 0.0890625
0 0.7828125 0.4234375 0.09375 0.09375
3 0.56328125 0.28046875 0.0890625 0.0890625
3 0.60234375 0.34453125 0.090625 0.090625
5 0.496875 0.51171875 0.08125 0.084375
5 0.65390625 0.196875 0.0890625 0.090625
2 0.58984375 0.43046875 0.090625 0.090625
2 0.6828125 0.5859375 0.090625 0.0921875
1 0.6078125 0.5625 0.0890625 0.0890625
1 0.25625 0.63515625 0.0890625 0.0921875
6 0.34375 0.26953125 0.0953125 0.096875
6 0.45078125 0.3734375 0.090625 0.0890625
6 0.5109375 0.42578125 0.0859375 0.0875
6 0.4921875 0.71953125 0.09375 0.090625
6 0.346875 0.6 0.0921875 0.0953125