2 0.64765625 0.7078125 0.06875 0.0703125
2 0.23203125 0.49609375 0.0640625 0.0671875
3 0.38515625 0.03828125 0.0671875 0.0640625
3 0.546875 0.96640625 0.071875 0.0640625
6 0.71640625 0.96875 0.0671875 0.034375
6 0.659375 0.0875 0.0828125 0.071875
6 0.75859375 0.459375 0.0640625 0.0640625
6 0.2171875 0.73203125 0.0625 0.0640625
6 0.3640625 0.9546875 0.065625 0.0703125
14 0.2078125 0.171875 0.0796875 0.0765625
14 0.3609375 0.4296875 0.0625 0.05625
14 0.559375 0.4171875 0.0671875 0.0671875
14 0.5171875 0.68046875 0.0625 0.0671875
14 0.196875 0.60234375 0.0640625 0.0640625
4 0.21015625 0.3828125 0.0671875 0.0625
12 0.31015625 0.83359375 0.05625 0.059375
1 0.3515625 0.6578125 0.059375 0.05625
1 0.50234375 0.1515625 0.071875 0.071875
8 0.49765625 0.5453125 0.0671875 0.0625
8 0.3828125 0.54921875 0.0625 0.059375
5 0.34609375 0.128125 0.06875 0.0703125
5 0.66875 0.83828125 0.0703125 0.06875
0 0.834375 0.903125 0.0703125 0.0609375
0 0.39296875 0.3296875 0.0640625 0.0671875
9 0.28828125 0.2828125 0.0671875 0.0640625
9 0.765625 0.259375 0.0734375 0.0765625
11 0.63359375 0.2640625 0.0640625 0.0671875
11 0.65625 0.3671875 0.0765625 0.0734375
10 0.50234375 0.30625 0.0640625 0.0703125
10 0.67421875 0.54921875 0.0640625 0.0671875
13 0.8125 0.6421875 0.0734375 0.0734375
13 0.49375 0.7890625 0.071875 0.071875