12 0.34296875 0.428125 0.059375 0.0609375
8 0.334375 0.58828125 0.0609375 0.05625
8 0.48828125 0.8578125 0.0609375 0.065625
11 0.7859375 0.5328125 0.0625 0.0625
11 0.53671875 0.27421875 0.05625 0.0609375
13 0.671875 0.70390625 0.0609375 0.0625
13 0.5546875 0.6953125 0.059375 0.0625
10 0.51875 0.5859375 0.0609375 0.0609375
10 0.2328125 0.63125 0.06875 0.065625
9 0.25390625 0.38984375 0.0671875 0.0640625
9 0.77109375 0.65625 0.0640625 0.065625
14 0.35 0.834375 0.0640625 0.0625
14 0.31015625 0.7140625 0.0609375 0.0609375
14 0.246875 0.5140625 0.0703125 0.065625
14 0.65234375 0.61484375 0.0609375 0.0640625
14 0.40703125 0.49921875 0.059375 0.0578125
4 0.7765625 0.41796875 0.059375 0.0671875
0 0.6984375 0.2203125 0.0609375 0.0640625
0 0.596875 0.39609375 0.0609375 0.0609375
3 0.6203125 0.82734375 0.0625 0.0640625
3 0.434375 0.73359375 0.0625 0.0625
5 0.3546875 0.2734375 0.0625 0.0625
5 0.6875 0.32890625 0.059375 0.0609375
2 0.6609375 0.48515625 0.059375 0.0625
2 0.459375 0.37890625 0.0703125 0.0640625
1 0.47109375 0.16953125 0.0578125 0.0609375
1 0.209375 0.7734375 0.065625 0.0625
6 0.30390625 0.1640625 0.06875 0.0625
6 0.5796875 0.16171875 0.0609375 0.059375
6 0.78984375 0.2921875 0.059375 0.0625
6 0.5296875 0.47109375 0.0578125 0.059375
6 0.421875 0.62578125 0.0609375 0.0640625