12 0.33046875 0.46484375 0.0640625 0.065625
8 0.35859375 0.6234375 0.065625 0.059375
8 0.56875 0.8515625 0.065625 0.0703125
11 0.7859375 0.4671875 0.0671875 0.065625
11 0.48515625 0.27109375 0.059375 0.065625
13 0.71328125 0.66015625 0.065625 0.0671875
13 0.596875 0.678125 0.0640625 0.0671875
10 0.53828125 0.5796875 0.065625 0.065625
10 0.26953125 0.6875 0.0734375 0.0703125
9 0.23515625 0.44765625 0.0703125 0.06875
9 0.79921875 0.59140625 0.06875 0.06875
14 0.42890625 0.859375 0.06875 0.0671875
14 0.36328125 0.75078125 0.065625 0.065625
14 0.25625 0.57109375 0.075 0.0703125
14 0.67421875 0.57734375 0.065625 0.06875
14 0.409375 0.5203125 0.0640625 0.0625
4 0.7515625 0.3578125 0.0640625 0.071875
0 0.63046875 0.1828125 0.065625 0.06875
0 0.57109375 0.37734375 0.065625 0.065625
3 0.690625 0.79140625 0.0671875 0.06875
3 0.48828125 0.7421875 0.0671875 0.065625
5 0.30703125 0.3125 0.065625 0.0671875
5 0.64375 0.29140625 0.0640625 0.065625
2 0.653125 0.44921875 0.0640625 0.0671875
2 0.4328125 0.39140625 0.0734375 0.06875
1 0.39765625 0.184375 0.0625 0.065625
1 0.278125 0.83203125 0.0703125 0.0671875
6 0.23359375 0.2171875 0.0734375 0.0671875
6 0.5015625 0.15234375 0.065625 0.0640625
6 0.7359375 0.2328125 0.0640625 0.0671875
6 0.521875 0.46484375 0.0625 0.0640625
6 0.45234375 0.640625 0.065625 0.06875