5 0.7390625 0.11015625 0.1265625 0.1265625
5 0.528125 0.42421875 0.1265625 0.1265625
1 0.9546875 0.29140625 0.090625 0.1265625
1 0.7859375 0.60390625 0.1265625 0.1265625
9 0.70390625 0.69375 0.1265625 0.1265625
9 0.40546875 0.94296875 0.1265625 0.1140625
10 0.30234375 0.89453125 0.1265625 0.1265625
10 0.2515625 0.359375 0.1265625 0.1265625
11 0.3515625 0.303125 0.1265625 0.1265625
11 0.50859375 0.97421875 0.1265625 0.0515625
13 0.453125 0.1484375 0.1265625 0.1265625
13 0.51171875 0.271875 0.1265625 0.1265625
14 0.7953125 0.240625 0.1265625 0.1265625
14 0.84140625 0.471875 0.1265625 0.1265625
14 0.81328125 0.36328125 0.1265625 0.1265625
14 0.19765625 0.65703125 0.1265625 0.1265625
14 0.22578125 0.465625 0.1265625 0.1265625
6 0.66796875 0.31484375 0.1265625 0.1265625
6 0.57890625 0.60234375 0.1265625 0.1265625
6 0.60703125 0.7671875 0.1265625 0.1265625
6 0.315625 0.75234375 0.1265625 0.1265625
6 0.30703125 0.56796875 0.1265625 0.1265625
2 0.46796875 0.73125 0.1265625 0.1265625
2 0.39609375 0.61640625 0.1265625 0.1265625
0 0.59765625 0.12578125 0.1265625 0.1265625
0 0.39140625 0.8171875 0.1265625 0.1265625
8 0.69765625 0.4953125 0.1265625 0.1265625
8 0.5453125 0.884375 0.1265625 0.1265625
3 0.1859375 0.84921875 0.1109375 0.10625
3 0.58984375 0.03671875 0.1265625 0.0734375
4 0.07109375 0.70078125 0.1265625 0.1265625
12 0.4109375 0.41953125 0.1265625 0.1265625