12 0.60078125 0.83125 0.0703125 0.0703125
8 0.67265625 0.77578125 0.075 0.075
8 0.29140625 0.2046875 0.0734375 0.0734375
11 0.45859375 0.46328125 0.0734375 0.0734375
11 0.740625 0.7453125 0.075 0.075
13 0.25625 0.43203125 0.0796875 0.0796875
13 0.42734375 0.39375 0.0765625 0.0765625
10 0.5890625 0.578125 0.0765625 0.0765625
10 0.69140625 0.60703125 0.0828125 0.0828125
9 0.7890625 0.67265625 0.078125 0.078125
9 0.4171875 0.69765625 0.0796875 0.0796875
14 0.87421875 0.64296875 0.08125 0.08125
14 0.51796875 0.64921875 0.0859375 0.0859375
14 0.34921875 0.7578125 0.0828125 0.0828125
14 0.27265625 0.52421875 0.08125 0.08125
14 0.3328125 0.4140625 0.084375 0.084375
4 0.4328125 0.30390625 0.078125 0.078125
0 0.50390625 0.29609375 0.08125 0.08125
0 0.25859375 0.65546875 0.08125 0.08125
3 0.58671875 0.24296875 0.0796875 0.0796875
3 0.6484375 0.696875 0.0828125 0.0828125
5 0.34921875 0.5921875 0.075 0.075
5 0.7109375 0.36171875 0.084375 0.084375
2 0.5265625 0.52734375 0.0796875 0.0796875
2 0.1671875 0.39921875 0.0890625 0.0890625
1 0.57109375 0.45546875 0.071875 0.071875
1 0.7828125 0.41015625 0.078125 0.078125
6 0.559375 0.37421875 0.0765625 0.0765625
6 0.75390625 0.553125 0.0859375 0.0859375
6 0.64453125 0.50859375 0.0828125 0.0828125
6 0.34765625 0.496875 0.08125 0.08125
6 0.50859375 0.78046875 0.0734375 0.0734375