12 0.40390625 0.34765625 0.05625 0.05625
8 0.3578125 0.22421875 0.0515625 0.05625
8 0.7546875 0.50234375 0.0484375 0.05
11 0.53515625 0.74765625 0.05 0.0578125
11 0.78125 0.59140625 0.0484375 0.0484375
13 0.30390625 0.3609375 0.0515625 0.05625
13 0.42890625 0.7109375 0.05 0.05625
10 0.21015625 0.40390625 0.0546875 0.05625
10 0.24609375 0.6953125 0.0578125 0.0546875
9 0.78671875 0.72890625 0.0578125 0.0515625
9 0.2546875 0.83671875 0.059375 0.0515625
14 0.69296875 0.16015625 0.059375 0.05625
14 0.47578125 0.28203125 0.0515625 0.05
14 0.65390625 0.60078125 0.0515625 0.0578125
14 0.6765625 0.75 0.059375 0.05625
14 0.2296875 0.5203125 0.0546875 0.0546875
4 0.4828125 0.5 0.05 0.0484375
0 0.4796875 0.88203125 0.0546875 0.0515625
0 0.6265625 0.25078125 0.0546875 0.05
3 0.24453125 0.22734375 0.05 0.0484375
3 0.63671875 0.32578125 0.0546875 0.05
5 0.48125 0.1859375 0.0546875 0.0515625
5 0.34921875 0.67109375 0.046875 0.046875
2 0.3671875 0.4859375 0.05 0.05
2 0.334375 0.56171875 0.05 0.0515625
1 0.6421875 0.4796875 0.0515625 0.0546875
1 0.73125 0.36796875 0.05 0.05625
6 0.5296875 0.37109375 0.0515625 0.0484375
6 0.5203125 0.58125 0.046875 0.046875
6 0.56328125 0.65234375 0.05 0.0515625
6 0.61796875 0.83125 0.05625 0.0546875
6 0.34296875 0.82109375 0.059375 0.05