12 0.44765625 0.55078125 0.065625 0.06875
8 0.35546875 0.428125 0.0609375 0.071875
8 0.6953125 0.4953125 0.0578125 0.0625
11 0.5125 0.4859375 0.0578125 0.0609375
11 0.59765625 0.62265625 0.059375 0.0625
13 0.290625 0.478125 0.0625 0.0640625
13 0.58984375 0.48828125 0.05625 0.059375
10 0.490625 0.41015625 0.0609375 0.0625
10 0.4171875 0.3765625 0.0609375 0.0671875
9 0.43046875 0.71328125 0.0546875 0.0546875
9 0.54921875 0.32265625 0.065625 0.0671875
14 0.44140625 0.81328125 0.0625 0.0703125
14 0.36796875 0.5171875 0.0625 0.0671875
14 0.43359375 0.46875 0.0671875 0.075
14 0.54140625 0.5578125 0.0640625 0.0609375
14 0.28984375 0.55859375 0.0578125 0.059375
4 0.56171875 0.69453125 0.0625 0.0625
0 0.51171875 0.63125 0.0625 0.0640625
0 0.63671875 0.55078125 0.0578125 0.0625
3 0.7 0.65859375 0.0671875 0.0625
3 0.70703125 0.57734375 0.0640625 0.0703125
5 0.2296875 0.6171875 0.0671875 0.0703125
5 0.3609375 0.59453125 0.0625 0.0625
2 0.34140625 0.34453125 0.06875 0.06875
2 0.62578125 0.359375 0.065625 0.065625
1 0.2171875 0.5125 0.071875 0.0734375
1 0.35625 0.6765625 0.071875 0.071875
6 0.46796875 0.31875 0.0671875 0.065625
6 0.56875 0.41484375 0.065625 0.06875
6 0.646875 0.434375 0.065625 0.06875
6 0.42890625 0.6265625 0.0609375 0.0609375
6 0.5015625 0.753125 0.0625 0.06875