12 0.50234375 0.52578125 0.05 0.0453125
8 0.16015625 0.5375 0.0453125 0.0484375
8 0.5515625 0.2328125 0.046875 0.04375
11 0.71953125 0.715625 0.04375 0.0484375
11 0.6359375 0.58203125 0.0453125 0.0484375
13 0.403125 0.58125 0.04375 0.046875
13 0.55546875 0.60390625 0.0390625 0.04375
10 0.34453125 0.51015625 0.0453125 0.0453125
10 0.209375 0.6921875 0.0484375 0.05
9 0.30390625 0.209375 0.0515625 0.0484375
9 0.71171875 0.63125 0.046875 0.046875
14 0.69609375 0.23046875 0.0453125 0.0515625
14 0.428125 0.32421875 0.0453125 0.0546875
14 0.21953125 0.5703125 0.046875 0.0484375
14 0.31171875 0.790625 0.0484375 0.0484375
14 0.44609375 0.79375 0.0515625 0.0515625
4 0.83984375 0.28828125 0.0453125 0.0546875
0 0.4453125 0.221875 0.046875 0.0515625
0 0.6578125 0.35625 0.046875 0.0484375
3 0.47421875 0.5859375 0.0484375 0.04375
3 0.196875 0.29296875 0.05 0.05
5 0.55390625 0.7859375 0.0484375 0.0484375
5 0.88671875 0.45078125 0.046875 0.0515625
2 0.171875 0.409375 0.0484375 0.05
2 0.5375 0.340625 0.0453125 0.05
1 0.7015625 0.49453125 0.046875 0.046875
1 0.828125 0.69453125 0.0515625 0.0515625
6 0.37421875 0.396875 0.0484375 0.0484375
6 0.6140625 0.30078125 0.0515625 0.0515625
6 0.878125 0.565625 0.046875 0.0453125
6 0.8640625 0.6296875 0.0421875 0.046875
6 0.3234375 0.59375 0.0484375 0.046875