0 0.146875 0.30390625 0.0921875 0.09375
12 0.7359375 0.7125 0.1015625 0.1015625
14 0.403125 0.05234375 0.10625 0.1046875
6 0.54140625 0.090625 0.096875 0.0953125
2 0.31328125 0.171875 0.10625 0.10625
10 0.33515625 0.34609375 0.0953125 0.0984375
9 0.165625 0.43671875 0.0984375 0.1015625
1 0.24921875 0.4859375 0.09375 0.0890625
1 0.6546875 0.29296875 0.0984375 0.0984375
0 0.578125 0.2046875 0.096875 0.0921875
8 0.39296875 0.634375 0.096875 0.0953125
8 0.721875 0.58203125 0.1015625 0.1015625
13 0.90078125 0.71640625 0.1 0.1015625
13 0.67109375 0.45546875 0.09375 0.09375
5 0.75546875 0.359375 0.0921875 0.0890625
11 0.7984375 0.440625 0.0921875 0.0921875
11 0.40859375 0.24375 0.1 0.103125
3 0.43125 0.4203125 0.0828125 0.084375
3 0.34375 0.53828125 0.0875 0.0875
2 0.29140625 0.63359375 0.0828125 0.084375
9 0.53828125 0.35 0.0828125 0.0859375
5 0.60703125 0.59375 0.0859375 0.0875
4 0.615625 0.89609375 0.08125 0.0828125
10 0.4875 0.92890625 0.090625 0.090625
14 0.8953125 0.565625 0.10625 0.103125
14 0.46796875 0.76953125 0.0875 0.0890625
14 0.35625 0.77734375 0.0921875 0.0921875
14 0.528125 0.45859375 0.090625 0.090625
6 0.48515625 0.56484375 0.0859375 0.0875
6 0.5734375 0.6890625 0.0828125 0.084375
6 0.66875 0.77890625 0.09375 0.09375
6 0.778125 0.8328125 0.090625 0.0875