12 0.64375 0.4875 0.059375 0.0578125
8 0.26875 0.7515625 0.0640625 0.065625
8 0.453125 0.29765625 0.0578125 0.059375
11 0.2875 0.45234375 0.065625 0.0625
11 0.5765625 0.48203125 0.0625 0.059375
13 0.66484375 0.59296875 0.05625 0.05625
13 0.59921875 0.65546875 0.0546875 0.059375
10 0.5546875 0.60625 0.0578125 0.05625
10 0.4171875 0.39375 0.0640625 0.0625
9 0.68671875 0.40078125 0.0640625 0.0609375
9 0.61015625 0.54296875 0.0578125 0.0546875
14 0.67734375 0.6578125 0.0578125 0.0578125
14 0.34375 0.59765625 0.0609375 0.059375
14 0.35234375 0.7546875 0.0640625 0.059375
14 0.5875 0.2984375 0.0609375 0.0609375
14 0.615625 0.415625 0.0625 0.0609375
4 0.60625 0.2328125 0.0625 0.0703125
0 0.378125 0.115625 0.0671875 0.06875
0 0.5875 0.784375 0.0609375 0.065625
3 0.39296875 0.48046875 0.0640625 0.059375
3 0.26796875 0.55859375 0.065625 0.059375
5 0.4359375 0.67109375 0.065625 0.0609375
5 0.51484375 0.19609375 0.065625 0.065625
2 0.39140625 0.3109375 0.0640625 0.0640625
2 0.5375 0.5421875 0.0625 0.065625
1 0.353125 0.821875 0.065625 0.06875
1 0.32578125 0.32109375 0.0671875 0.0671875
6 0.69453125 0.878125 0.065625 0.0609375
6 0.3875 0.22890625 0.075 0.065625
6 0.62109375 0.35390625 0.065625 0.0609375
6 0.40859375 0.609375 0.0625 0.05625
6 0.53125 0.66328125 0.0625 0.059375