1 0.3984375 0.1265625 0.090625 0.090625
1 0.24140625 0.459375 0.090625 0.090625
14 0.33515625 0.51328125 0.090625 0.090625
14 0.43828125 0.52890625 0.090625 0.090625
14 0.2296875 0.61953125 0.090625 0.090625
14 0.725 0.2203125 0.090625 0.090625
14 0.55 0.28125 0.090625 0.090625
5 0.453125 0.265625 0.090625 0.090625
5 0.34453125 0.70078125 0.090625 0.090625
11 0.38671875 0.61328125 0.090625 0.090625
11 0.45625 0.728125 0.090625 0.090625
3 0.375 0.79453125 0.090625 0.090625
3 0.6796875 0.38984375 0.090625 0.090625
6 0.75859375 0.646875 0.090625 0.090625
6 0.63125 0.56484375 0.090625 0.090625
6 0.6375 0.8609375 0.090625 0.090625
6 0.3140625 0.16953125 0.090625 0.090625
0 0.34765625 0.89140625 0.090625 0.090625
0 0.53203125 0.55625 0.090625 0.090625
12 0.51953125 0.4078125 0.090625 0.090625
6 0.42578125 0.42890625 0.090625 0.090625
2 0.33203125 0.3265625 0.090625 0.090625
2 0.2328125 0.7828125 0.090625 0.090625
10 0.51640625 0.89453125 0.090625 0.090625
10 0.5375 0.1421875 0.090625 0.090625
13 0.6375 0.15703125 0.090625 0.090625
13 0.2234375 0.3140625 0.090625 0.090625
9 0.73984375 0.4890625 0.090625 0.090625
9 0.5984375 0.6703125 0.090625 0.090625
4 0.66484375 0.78828125 0.090625 0.090625
7 0.746875 0.3109375 0.07265625 0.0796875