1 0.37890625 0.13203125 0.0953125 0.0953125
1 0.23984375 0.47265625 0.0953125 0.0953125
14 0.3359375 0.521875 0.0953125 0.0953125
14 0.43984375 0.53203125 0.0953125 0.0953125
14 0.2359375 0.63359375 0.0953125 0.0953125
14 0.71015625 0.20859375 0.0953125 0.0953125
14 0.53828125 0.27890625 0.0953125 0.0953125
5 0.440625 0.26875 0.0953125 0.0953125
5 0.35546875 0.70859375 0.0953125 0.0953125
11 0.39296875 0.61875 0.0953125 0.0953125
11 0.46796875 0.73046875 0.0953125 0.0953125
3 0.390625 0.80078125 0.0953125 0.0953125
3 0.6734375 0.38046875 0.0953125 0.0953125
6 0.765625 0.6328125 0.0953125 0.0953125
6 0.634375 0.5578125 0.0953125 0.0953125
6 0.65625 0.853125 0.0953125 0.0953125
6 0.296875 0.1796875 0.0953125 0.0953125
0 0.36796875 0.89921875 0.0953125 0.0953125
0 0.53515625 0.5546875 0.0953125 0.0953125
12 0.51484375 0.40703125 0.0953125 0.0953125
6 0.421875 0.4328125 0.0953125 0.0953125
2 0.3234375 0.3359375 0.0953125 0.0953125
2 0.24765625 0.79609375 0.0953125 0.0953125
10 0.53671875 0.89296875 0.0953125 0.0953125
10 0.51875 0.140625 0.0953125 0.0953125
13 0.61953125 0.15 0.0953125 0.0953125
13 0.2140625 0.32890625 0.0953125 0.0953125
9 0.7390625 0.4765625 0.0953125 0.0953125
9 0.60703125 0.66484375 0.0953125 0.0953125
4 0.6796875 0.77890625 0.0953125 0.0953125
7 0.73671875 0.2984375 0.0765625 0.0828125