12 0.71875 0.26953125 0.08125 0.08125
8 0.54140625 0.2296875 0.071875 0.071875
8 0.77421875 0.4109375 0.071875 0.071875
11 0.23828125 0.75078125 0.0734375 0.075
11 0.3859375 0.76953125 0.071875 0.0703125
13 0.5328125 0.68203125 0.0765625 0.075
13 0.325 0.459375 0.075 0.075
10 0.51796875 0.1625 0.0671875 0.0703125
10 0.56328125 0.484375 0.0734375 0.075
9 0.45 0.39453125 0.0703125 0.0703125
9 0.7234375 0.346875 0.071875 0.0734375
14 0.23515625 0.65078125 0.08125 0.0796875
14 0.4125 0.43828125 0.0640625 0.0640625
14 0.43359375 0.49296875 0.065625 0.0671875
14 0.653125 0.59765625 0.06875 0.0703125
14 0.71328125 0.43671875 0.0703125 0.0703125
4 0.56640625 0.6359375 0.071875 0.071875
0 0.6796875 0.51015625 0.075 0.0734375
0 0.58359375 0.2890625 0.075 0.0765625
3 0.3234375 0.6109375 0.0765625 0.0765625
3 0.45078125 0.25078125 0.08125 0.08125
5 0.62109375 0.4609375 0.075 0.075
5 0.38515625 0.5328125 0.078125 0.078125
2 0.5265625 0.33125 0.078125 0.0765625
2 0.7796875 0.23984375 0.08125 0.08125
1 0.50859375 0.80625 0.0828125 0.084375
1 0.409375 0.85625 0.08125 0.084375
6 0.6125 0.19375 0.0890625 0.0890625
6 0.43125 0.32578125 0.0765625 0.075
6 0.27734375 0.54296875 0.084375 0.0828125
6 0.55234375 0.57265625 0.0796875 0.0765625
6 0.45546875 0.7 0.0828125 0.0828125