12 0.546875 0.1859375 0.0578125 0.059375
8 0.37890625 0.2546875 0.0515625 0.0515625
8 0.6734375 0.26953125 0.0515625 0.0515625
11 0.4296875 0.85546875 0.0515625 0.0546875
11 0.5609375 0.7859375 0.0546875 0.0484375
13 0.63125 0.63046875 0.0578125 0.0515625
13 0.33359375 0.5671875 0.05625 0.0515625
10 0.32109375 0.21328125 0.04375 0.0546875
10 0.54296875 0.45078125 0.05 0.05625
9 0.3984375 0.4421875 0.0515625 0.05
9 0.5953125 0.24609375 0.05 0.0546875
14 0.36953125 0.77578125 0.059375 0.05625
14 0.39296875 0.5 0.046875 0.0453125
14 0.44140625 0.53203125 0.0453125 0.05
14 0.68125 0.4921875 0.0484375 0.0515625
14 0.63828125 0.32578125 0.05 0.05
4 0.63203125 0.5734375 0.0515625 0.0515625
0 0.653125 0.40546875 0.0546875 0.0515625
0 0.44765625 0.27890625 0.0515625 0.0578125
3 0.41875 0.6921875 0.0546875 0.0546875
3 0.3171875 0.32421875 0.059375 0.0578125
5 0.5765625 0.3984375 0.05625 0.0515625
5 0.425 0.59296875 0.05625 0.05625
2 0.425 0.346875 0.05625 0.0546875
2 0.5796875 0.1265625 0.059375 0.0578125
1 0.6828125 0.74609375 0.059375 0.0609375
1 0.6296875 0.84375 0.0546875 0.0640625
6 0.41640625 0.184375 0.0625 0.065625
6 0.34375 0.396875 0.0578125 0.0515625
6 0.3421875 0.66328125 0.0609375 0.059375
6 0.584375 0.5296875 0.0609375 0.0515625
6 0.578125 0.68984375 0.059375 0.059375