12 0.62890625 0.3953125 0.103125 0.103125
8 0.78984375 0.59375 0.103125 0.1046875
8 0.73984375 0.5203125 0.1046875 0.1078125
11 0.4 0.6265625 0.1015625 0.1015625
11 0.5515625 0.40703125 0.0859375 0.084375
13 0.59921875 0.725 0.09375 0.09375
13 0.51015625 0.48359375 0.09375 0.09375
10 0.4765625 0.25 0.103125 0.1015625
10 0.5484375 0.553125 0.0890625 0.0875
9 0.67421875 0.4671875 0.090625 0.090625
9 0.43984375 0.5375 0.0875 0.0890625
14 0.6875 0.328125 0.096875 0.0984375
14 0.41484375 0.31015625 0.1 0.1
14 0.36171875 0.51328125 0.0953125 0.09375
14 0.484375 0.6140625 0.0875 0.0890625
14 0.42890625 0.703125 0.0875 0.0890625
4 0.328125 0.31640625 0.09375 0.0953125
0 0.31640625 0.7171875 0.090625 0.0890625
0 0.275 0.51953125 0.090625 0.090625
3 0.3203125 0.590625 0.090625 0.090625
3 0.63125 0.55625 0.0890625 0.0875
5 0.671875 0.67421875 0.0890625 0.0890625
5 0.59375 0.484375 0.0859375 0.0875
2 0.37109375 0.38828125 0.096875 0.0953125
2 0.51640625 0.68828125 0.0921875 0.090625
1 0.52578125 0.31875 0.0921875 0.0890625
1 0.74921875 0.421875 0.0984375 0.096875
6 0.428125 0.45703125 0.09375 0.09375
6 0.46875 0.3828125 0.09375 0.09375
6 0.7078125 0.6015625 0.0984375 0.096875
6 0.58984375 0.63046875 0.096875 0.0984375
6 0.6078125 0.29140625 0.103125 0.1046875