12 0.4 0.790625 0.053125 0.0578125
8 0.4484375 0.51796875 0.0484375 0.05625
8 0.36875 0.70390625 0.053125 0.053125
11 0.73125 0.3484375 0.046875 0.0578125
11 0.63359375 0.415625 0.046875 0.053125
13 0.70078125 0.734375 0.05625 0.0578125
13 0.56953125 0.33359375 0.0625 0.0671875
10 0.7328125 0.23359375 0.0453125 0.05
10 0.5609375 0.5140625 0.05625 0.05
9 0.35234375 0.134375 0.053125 0.05625
9 0.540625 0.63125 0.0515625 0.05
14 0.56328125 0.1578125 0.0578125 0.0578125
14 0.73125 0.54296875 0.053125 0.0578125
14 0.315625 0.44375 0.059375 0.059375
14 0.35859375 0.89140625 0.0578125 0.0578125
14 0.471875 0.71484375 0.0578125 0.0609375
4 0.7203125 0.83515625 0.053125 0.05625
0 0.44296875 0.346875 0.0515625 0.046875
0 0.2546875 0.65 0.059375 0.0578125
3 0.346875 0.378125 0.05 0.053125
3 0.59765625 0.73671875 0.053125 0.053125
5 0.278125 0.5578125 0.05625 0.053125
5 0.46171875 0.24921875 0.05625 0.0609375
2 0.62578125 0.58515625 0.053125 0.0515625
2 0.27421875 0.85234375 0.0515625 0.053125
1 0.71328125 0.44921875 0.0578125 0.0515625
1 0.50390625 0.446875 0.05 0.05625
6 0.315625 0.26328125 0.0578125 0.0578125
6 0.40234375 0.61015625 0.0578125 0.059375
6 0.7453125 0.62421875 0.059375 0.0640625
6 0.6203125 0.865625 0.05625 0.059375
6 0.54375 0.88046875 0.059375 0.0625