12 0.659375 0.7109375 0.0546875 0.05625
8 0.56015625 0.4078125 0.059375 0.0546875
8 0.44765625 0.90546875 0.059375 0.05625
11 0.58671875 0.1859375 0.0625 0.059375
11 0.21953125 0.80703125 0.0609375 0.059375
13 0.1796875 0.16875 0.065625 0.0640625
13 0.25625 0.44609375 0.05625 0.0625
10 0.778125 0.365625 0.0515625 0.0625
10 0.55234375 0.6734375 0.059375 0.0625
9 0.74921875 0.84296875 0.0609375 0.0515625
9 0.70625 0.24921875 0.05625 0.0546875
14 0.4921875 0.5 0.0625 0.06875
14 0.4875 0.25703125 0.0609375 0.0609375
14 0.59140625 0.30546875 0.05625 0.05625
14 0.7046875 0.11484375 0.0578125 0.0578125
14 0.715625 0.53671875 0.0515625 0.0546875
4 0.76328125 0.6671875 0.059375 0.0609375
0 0.56640625 0.8375 0.0578125 0.0578125
0 0.47578125 0.74375 0.05625 0.05625
3 0.47578125 0.1390625 0.059375 0.0625
3 0.3609375 0.5390625 0.05625 0.059375
5 0.2734375 0.6921875 0.0640625 0.0640625
5 0.384375 0.33671875 0.059375 0.0625
2 0.2703125 0.2859375 0.0609375 0.0625
2 0.36015625 0.80078125 0.0546875 0.059375
1 0.365625 0.1609375 0.059375 0.0609375
1 0.5875 0.55234375 0.0546875 0.05625
6 0.409375 0.42890625 0.0640625 0.0609375
6 0.69609375 0.41328125 0.059375 0.05625
6 0.46796875 0.61328125 0.0546875 0.0578125
6 0.3828125 0.675 0.0609375 0.059375
6 0.221875 0.58203125 0.065625 0.059375