12 0.43359375 0.63203125 0.0578125 0.0515625
8 0.284375 0.1984375 0.059375 0.0609375
8 0.63203125 0.1890625 0.0625 0.0578125
11 0.75 0.41484375 0.05625 0.059375
11 0.35 0.7125 0.059375 0.0515625
13 0.2671875 0.65625 0.0578125 0.0578125
13 0.7375 0.8765625 0.0609375 0.0578125
10 0.62109375 0.45625 0.0515625 0.05625
10 0.184375 0.584375 0.059375 0.0578125
9 0.484375 0.2671875 0.0578125 0.0609375
9 0.34765625 0.30390625 0.059375 0.059375
14 0.22421875 0.33671875 0.0625 0.05625
14 0.49296875 0.14140625 0.0578125 0.0578125
14 0.4078125 0.51953125 0.05 0.05625
14 0.7578125 0.54375 0.059375 0.05625
14 0.571875 0.73046875 0.059375 0.05625
4 0.23125 0.775 0.0578125 0.0578125
0 0.45078125 0.82578125 0.059375 0.0578125
0 0.61015625 0.875 0.0609375 0.0671875
3 0.5546875 0.375 0.0546875 0.0578125
3 0.446875 0.4140625 0.0609375 0.0578125
5 0.33671875 0.43203125 0.05625 0.0578125
5 0.5734375 0.62890625 0.059375 0.059375
2 0.29765625 0.5609375 0.059375 0.0609375
2 0.52578125 0.54921875 0.059375 0.05625
1 0.22734375 0.453125 0.06875 0.0578125
1 0.71875 0.26171875 0.0515625 0.05625
6 0.4046875 0.1953125 0.0546875 0.0640625
6 0.59609375 0.28515625 0.05625 0.05
6 0.67421875 0.6015625 0.0546875 0.0625
6 0.76171875 0.71484375 0.059375 0.0578125
6 0.3375 0.81953125 0.0578125 0.0578125