9 0.54609375 0.1515625 0.09375 0.0921875
9 0.1203125 0.2875 0.084375 0.084375
6 0.42265625 0.09296875 0.09375 0.0921875
6 0.3046875 0.1734375 0.0890625 0.0921875
6 0.79375 0.45625 0.084375 0.084375
6 0.5203125 0.37890625 0.0859375 0.0875
6 0.440625 0.61875 0.078125 0.084375
8 0.25625 0.2640625 0.090625 0.090625
8 0.42890625 0.22578125 0.0890625 0.0953125
5 0.49140625 0.0375 0.1203125 0.075
5 0.19375 0.5546875 0.1203125 0.1203125
3 0.20859375 0.4078125 0.1203125 0.1203125
3 0.765625 0.8515625 0.1203125 0.1203125
14 0.78515625 0.75859375 0.1203125 0.1203125
14 0.4359375 0.74453125 0.1203125 0.1203125
14 0.68671875 0.2609375 0.1203125 0.1203125
14 0.69921875 0.615625 0.1203125 0.1203125
14 0.4578125 0.96796875 0.1 0.0640625
1 0.5015625 0.84375 0.1203125 0.1203125
1 0.2796875 0.4671875 0.1203125 0.1203125
0 0.54765625 0.2765625 0.1203125 0.1203125
0 0.37890625 0.35859375 0.1203125 0.1203125
2 0.3421875 0.56484375 0.1203125 0.1203125
2 0.44453125 0.4578125 0.1203125 0.1203125
12 0.6671875 0.43359375 0.1203125 0.1203125
4 0.57890625 0.76484375 0.1203125 0.1203125
10 0.26171875 0.6859375 0.1203125 0.1203125
10 0.36015625 0.846875 0.1203125 0.1203125
11 0.815625 0.6515625 0.1203125 0.1203125
13 0.65 0.925 0.1203125 0.1203125
13 0.77734375 0.31328125 0.0875 0.084375
11 0.57421875 0.53203125 0.084375 0.0875