12 0.796875 0.67734375 0.08125 0.08125
8 0.52421875 0.55 0.0796875 0.0796875
8 0.56015625 0.18359375 0.08125 0.08125
11 0.50234375 0.125 0.0828125 0.0828125
11 0.771875 0.3203125 0.071875 0.071875
13 0.9484375 0.5625 0.075 0.075
13 0.68359375 0.4046875 0.084375 0.084375
10 0.5234375 0.76640625 0.0796875 0.0796875
10 0.68125 0.2296875 0.08125 0.08125
9 0.353125 0.77734375 0.0875 0.0875
9 0.28515625 0.47890625 0.084375 0.084375
14 0.4515625 0.246875 0.0828125 0.0828125
14 0.565625 0.31171875 0.08125 0.08125
14 0.628125 0.71796875 0.0890625 0.0890625
14 0.25703125 0.6703125 0.0875 0.0875
14 0.4453125 0.49296875 0.0875 0.0875
4 0.4765625 0.38671875 0.084375 0.084375
0 0.81875 0.42109375 0.08125 0.08125
0 0.76640625 0.54453125 0.078125 0.0765625
3 0.6359375 0.5609375 0.0828125 0.0828125
3 0.24140625 0.2140625 0.084375 0.084375
5 0.315625 0.58671875 0.084375 0.084375
5 0.646875 0.84140625 0.08125 0.08125
2 0.4015625 0.65078125 0.0890625 0.0890625
2 0.1890625 0.540625 0.0859375 0.0859375
1 0.434375 0.03828125 0.090625 0.0765625
1 0.471875 0.896875 0.0890625 0.0890625
6 0.13125 0.43515625 0.084375 0.084375
6 0.59609375 0.46171875 0.0890625 0.0890625
6 0.5015625 0.6703125 0.084375 0.084375
6 0.915625 0.44140625 0.084375 0.084375
6 0.58359375 0.93515625 0.0859375 0.0859375