12 0.3453125 0.365625 0.0515625 0.0609375
8 0.53515625 0.86015625 0.059375 0.0609375
8 0.76796875 0.50546875 0.0640625 0.0640625
11 0.71015625 0.2578125 0.0546875 0.059375
11 0.309375 0.153125 0.059375 0.0609375
13 0.2859375 0.4515625 0.0609375 0.0640625
13 0.46015625 0.34296875 0.059375 0.0546875
10 0.43125 0.759375 0.0640625 0.0640625
10 0.5640625 0.2671875 0.0546875 0.0515625
9 0.7640625 0.634375 0.059375 0.059375
9 0.39140625 0.27890625 0.05 0.053125
14 0.6296875 0.63515625 0.0625 0.0609375
14 0.34375 0.68125 0.053125 0.059375
14 0.21484375 0.64453125 0.0625 0.059375
14 0.4921875 0.53828125 0.053125 0.0546875
14 0.54375 0.4453125 0.0546875 0.0609375
4 0.22578125 0.803125 0.0578125 0.059375
0 0.74609375 0.7484375 0.059375 0.0625
0 0.7109375 0.1390625 0.0546875 0.0609375
3 0.64453125 0.3671875 0.053125 0.0578125
3 0.6546875 0.5109375 0.0578125 0.059375
5 0.24609375 0.29765625 0.0609375 0.059375
5 0.58515625 0.1234375 0.0625 0.059375
2 0.6953125 0.83046875 0.0609375 0.0609375
2 0.3375 0.55703125 0.05 0.0578125
1 0.78828125 0.38203125 0.0609375 0.0625
1 0.59140625 0.73125 0.0578125 0.059375
6 0.45234375 0.16796875 0.053125 0.059375
6 0.4015625 0.4546875 0.0546875 0.0578125
6 0.19140625 0.53125 0.05625 0.0625
6 0.478125 0.64375 0.0640625 0.065625
6 0.36640625 0.87890625 0.065625 0.0640625