12 0.45078125 0.58125 0.0515625 0.0578125
8 0.73828125 0.63828125 0.0515625 0.0578125
8 0.31953125 0.1828125 0.0578125 0.059375
11 0.559375 0.79375 0.0578125 0.05625
11 0.27109375 0.28515625 0.059375 0.0578125
13 0.71015625 0.28203125 0.0578125 0.0609375
13 0.68125 0.14921875 0.05625 0.0609375
10 0.7578125 0.40703125 0.0515625 0.0625
10 0.4921875 0.41328125 0.05625 0.059375
9 0.40859375 0.82421875 0.0625 0.0609375
9 0.3734375 0.37109375 0.0609375 0.0625
14 0.38125 0.25 0.0578125 0.059375
14 0.66484375 0.45859375 0.0515625 0.05
14 0.771875 0.534375 0.0546875 0.05625
14 0.29140625 0.43359375 0.0578125 0.0578125
14 0.20390625 0.39609375 0.0625 0.0546875
4 0.215625 0.7078125 0.0625 0.059375
0 0.4609375 0.7296875 0.059375 0.0578125
0 0.38671875 0.49296875 0.0609375 0.0609375
3 0.58359375 0.246875 0.059375 0.05625
3 0.63125 0.60546875 0.0578125 0.0578125
5 0.303125 0.7921875 0.0609375 0.059375
5 0.65703125 0.753125 0.059375 0.05625
2 0.20859375 0.53671875 0.0640625 0.0609375
2 0.5359375 0.66015625 0.0515625 0.0515625
1 0.4609375 0.17890625 0.05625 0.0578125
1 0.51875 0.8890625 0.0609375 0.05625
6 0.46875 0.3015625 0.05625 0.0578125
6 0.60546875 0.35625 0.0546875 0.059375
6 0.56171875 0.51171875 0.059375 0.059375
6 0.3015625 0.575 0.0546875 0.0515625
6 0.35 0.6609375 0.059375 0.0546875