12 0.415625 0.54453125 0.0734375 0.0765625
8 0.6328125 0.74140625 0.0734375 0.0765625
8 0.50859375 0.13515625 0.0796875 0.08125
11 0.39921875 0.78203125 0.078125 0.078125
11 0.4140625 0.19765625 0.08125 0.0796875
13 0.7921875 0.42109375 0.08125 0.08125
13 0.8359375 0.29296875 0.0796875 0.08125
10 0.76875 0.553125 0.0765625 0.0796875
10 0.53828125 0.421875 0.078125 0.0796875
9 0.2546875 0.73046875 0.084375 0.084375
9 0.4578125 0.32421875 0.084375 0.084375
14 0.52734375 0.22421875 0.0796875 0.08125
14 0.6625 0.54921875 0.0703125 0.06875
14 0.715625 0.66953125 0.0765625 0.0765625
14 0.35546875 0.3359375 0.0796875 0.0796875
14 0.3 0.25859375 0.08125 0.0796875
4 0.14921875 0.53203125 0.084375 0.0828125
0 0.3484375 0.6765625 0.08125 0.0796875
0 0.40625 0.4359375 0.084375 0.084375
3 0.70234375 0.32578125 0.0796875 0.078125
3 0.5578125 0.6578125 0.0796875 0.0796875
5 0.18046875 0.64921875 0.0828125 0.0828125
5 0.50390625 0.79765625 0.0796875 0.078125
2 0.23125 0.38125 0.0859375 0.0859375
2 0.4484375 0.65546875 0.0703125 0.0703125
1 0.63203125 0.2046875 0.078125 0.078125
1 0.315625 0.84296875 0.08125 0.0796875
6 0.57578125 0.3140625 0.078125 0.078125
6 0.6640625 0.43125 0.078125 0.0796875
6 0.546875 0.5421875 0.08125 0.08125
6 0.29140625 0.46171875 0.0734375 0.071875
6 0.28828125 0.5609375 0.0796875 0.078125