12 0.23125 0.2484375 0.0640625 0.05625
8 0.553125 0.546875 0.0578125 0.0609375
8 0.82265625 0.4609375 0.0578125 0.059375
11 0.2 0.5328125 0.0609375 0.059375
11 0.459375 0.384375 0.0625 0.05625
13 0.659375 0.253125 0.046875 0.05625
13 0.28359375 0.3984375 0.0640625 0.059375
10 0.71796875 0.52734375 0.0578125 0.0609375
10 0.2421875 0.85390625 0.065625 0.0578125
9 0.73515625 0.78046875 0.059375 0.0578125
9 0.553125 0.27421875 0.0640625 0.059375
14 0.37890625 0.8265625 0.0625 0.0625
14 0.60859375 0.8046875 0.0640625 0.0609375
14 0.78671875 0.65546875 0.0609375 0.0625
14 0.41171875 0.6984375 0.05625 0.0578125
14 0.51796875 0.6765625 0.05625 0.059375
4 0.72421875 0.38984375 0.059375 0.0546875
0 0.346875 0.28828125 0.0578125 0.0640625
0 0.3578125 0.50078125 0.059375 0.0578125
3 0.3109375 0.6140625 0.0609375 0.059375
3 0.43046875 0.571875 0.0609375 0.059375
5 0.57578125 0.1484375 0.0640625 0.0625
5 0.17890625 0.653125 0.0609375 0.0578125
2 0.6703125 0.62734375 0.05625 0.05625
2 0.39296875 0.15234375 0.0609375 0.059375
1 0.7125 0.884375 0.059375 0.0625
1 0.5015625 0.9109375 0.0625 0.0609375
6 0.2921875 0.7390625 0.059375 0.0609375
6 0.4828125 0.78125 0.0609375 0.0625
6 0.43984375 0.23828125 0.0515625 0.059375
6 0.56171875 0.41875 0.0515625 0.0609375
6 0.71015625 0.284375 0.0546875 0.0515625