12 0.53046875 0.809375 0.1015625 0.103125
8 0.30703125 0.6125 0.0984375 0.103125
8 0.36875 0.42265625 0.0921875 0.096875
11 0.66015625 0.56015625 0.0953125 0.1
11 0.29921875 0.69609375 0.1015625 0.1015625
13 0.65859375 0.7109375 0.1 0.1
13 0.60390625 0.50546875 0.09375 0.0953125
10 0.61796875 0.80078125 0.1015625 0.103125
10 0.565625 0.71171875 0.1 0.1015625
9 0.665625 0.45234375 0.0953125 0.0953125
9 0.29921875 0.46640625 0.096875 0.1015625
14 0.70546875 0.78046875 0.1015625 0.103125
14 0.375 0.51484375 0.0984375 0.1
14 0.46640625 0.58671875 0.0890625 0.090625
14 0.38671875 0.59453125 0.096875 0.096875
14 0.50234375 0.659375 0.0953125 0.096875
4 0.71640625 0.346875 0.10625 0.1046875
0 0.44921875 0.4015625 0.103125 0.1046875
0 0.23046875 0.58359375 0.10625 0.1078125
3 0.76953125 0.6859375 0.109375 0.1109375
3 0.72734375 0.5125 0.1 0.1
5 0.3203125 0.7859375 0.1046875 0.103125
5 0.615625 0.63828125 0.1 0.1015625
2 0.415625 0.66953125 0.103125 0.10625
2 0.48515625 0.7390625 0.103125 0.1046875
1 0.58046875 0.4265625 0.0921875 0.09375
1 0.521875 0.50703125 0.103125 0.1015625
6 0.7046875 0.63515625 0.1 0.1
6 0.7640625 0.4390625 0.109375 0.1109375
6 0.57109375 0.3390625 0.1078125 0.1046875
6 0.54921875 0.59140625 0.1 0.096875
6 0.40078125 0.76171875 0.1015625 0.10625