12 0.71875 0.29453125 0.09375 0.0921875
8 0.59140625 0.6921875 0.084375 0.084375
8 0.5640625 0.5546875 0.084375 0.084375
11 0.45234375 0.73515625 0.0875 0.0890625
11 0.2609375 0.29765625 0.08125 0.08125
13 0.2265625 0.53125 0.084375 0.084375
13 0.3625 0.584375 0.0859375 0.0859375
10 0.84765625 0.78359375 0.084375 0.084375
10 0.88359375 0.53828125 0.084375 0.084375
9 0.959375 0.6515625 0.08125 0.0875
9 0.8109375 0.6703125 0.090625 0.090625
14 0.590625 0.9359375 0.08125 0.08125
14 0.45234375 0.63515625 0.0765625 0.0765625
14 0.484375 0.15859375 0.0921875 0.0921875
14 0.3390625 0.2421875 0.090625 0.090625
14 0.4484375 0.3359375 0.084375 0.084375
4 0.690625 0.8875 0.084375 0.084375
0 0.70546875 0.78671875 0.0890625 0.0890625
0 0.5046875 0.43125 0.0875 0.0890625
3 0.571875 0.246875 0.0875 0.0875
3 0.3359375 0.71171875 0.0890625 0.0890625
5 0.775 0.5953125 0.0890625 0.0890625
5 0.67734375 0.6234375 0.0890625 0.0890625
2 0.12265625 0.45 0.084375 0.084375
2 0.6734375 0.4921875 0.0890625 0.0890625
1 0.45078125 0.8671875 0.084375 0.084375
1 0.6109375 0.79765625 0.0859375 0.0859375
6 0.82578125 0.46015625 0.0921875 0.0921875
6 0.4265625 0.49921875 0.0828125 0.0828125
6 0.60859375 0.3609375 0.0875 0.0875
6 0.3421875 0.38984375 0.08125 0.08125
6 0.1484375 0.38046875 0.0859375 0.0859375