12 0.3515625 0.78515625 0.0625 0.065625
8 0.4015625 0.35234375 0.0546875 0.0578125
8 0.725 0.84375 0.0609375 0.065625
11 0.296875 0.459375 0.059375 0.0671875
11 0.253125 0.6734375 0.0625 0.065625
13 0.47890625 0.24921875 0.0609375 0.0640625
13 0.77421875 0.6421875 0.0625 0.06875
10 0.30625 0.19609375 0.065625 0.071875
10 0.58671875 0.5 0.0640625 0.0640625
9 0.7203125 0.53359375 0.0640625 0.0625
9 0.79765625 0.3703125 0.0640625 0.06875
14 0.759375 0.18203125 0.065625 0.0640625
14 0.4921875 0.1484375 0.0625 0.0625
14 0.62578125 0.634375 0.0640625 0.065625
14 0.55703125 0.71875 0.0625 0.0640625
14 0.25078125 0.3203125 0.0625 0.0609375
4 0.2078125 0.5703125 0.0546875 0.0609375
0 0.259375 0.8234375 0.0625 0.0625
0 0.6 0.18203125 0.0625 0.065625
3 0.56484375 0.81953125 0.0625 0.0609375
3 0.46796875 0.87421875 0.0609375 0.0671875
5 0.82890625 0.49375 0.0640625 0.065625
5 0.51015625 0.5859375 0.0609375 0.0640625
2 0.55859375 0.30390625 0.0578125 0.0640625
2 0.728125 0.73984375 0.0640625 0.0640625
1 0.659375 0.3015625 0.0578125 0.0609375
1 0.39765625 0.6828125 0.0546875 0.0609375
6 0.7609375 0.26484375 0.0625 0.0578125
6 0.7171875 0.425 0.0578125 0.05625
6 0.47421875 0.44453125 0.0609375 0.0640625
6 0.38671875 0.54765625 0.0609375 0.0609375
6 0.59375 0.92421875 0.0671875 0.0609375