2 0.21328125 0.5703125 0.0875 0.0890625
2 0.33046875 0.63984375 0.109375 0.1109375
13 0.3296875 0.5078125 0.0859375 0.0875
9 0.271875 0.15078125 0.096875 0.0921875
1 0.1453125 0.33203125 0.1046875 0.10625
1 0.52109375 0.37578125 0.1 0.1
6 0.54921875 0.4796875 0.0921875 0.0921875
6 0.4125 0.47890625 0.0953125 0.0953125
6 0.55078125 0.1109375 0.1015625 0.1015625
6 0.45 0.609375 0.0953125 0.096875
6 0.4453125 0.8296875 0.0984375 0.1
4 0.43828125 0.71171875 0.0796875 0.0796875
0 0.55234375 0.6515625 0.0921875 0.0921875
0 0.903125 0.578125 0.0875 0.0859375
9 0.778125 0.58125 0.0875 0.0859375
10 0.7484375 0.4484375 0.0953125 0.0953125
11 0.6484375 0.73046875 0.1015625 0.1046875
11 0.765625 0.69140625 0.09375 0.0921875
3 0.625 0.57734375 0.0875 0.0859375
3 0.6390625 0.89921875 0.0859375 0.084375
8 0.76953125 0.81171875 0.1 0.1
5 0.52421875 0.778125 0.0890625 0.090625
5 0.5015625 0.94453125 0.1046875 0.1078125
14 0.91484375 0.69609375 0.1015625 0.1
14 0.6609375 0.30234375 0.1046875 0.10625
14 0.4640625 0.28125 0.0859375 0.0875
14 0.51015625 0.2015625 0.096875 0.0984375
14 0.41953125 0.1109375 0.0859375 0.0875
13 0.24296875 0.43828125 0.0875 0.0875
8 0.3734375 0.34296875 0.1015625 0.1015625
10 0.3546875 0.21640625 0.1015625 0.1015625
12 0.25 0.315625 0.0921875 0.09375