12 0.290625 0.19140625 0.0828125 0.075
8 0.23359375 0.4734375 0.084375 0.075
8 0.69609375 0.8828125 0.0671875 0.0734375
11 0.21328125 0.3765625 0.08125 0.0734375
11 0.3125 0.403125 0.0671875 0.08125
13 0.725 0.13515625 0.078125 0.0828125
13 0.3765625 0.55546875 0.0828125 0.0828125
10 0.2578125 0.63125 0.0828125 0.08125
10 0.52265625 0.51640625 0.078125 0.071875
9 0.64140625 0.5921875 0.078125 0.08125
9 0.76875 0.446875 0.0828125 0.0796875
14 0.48203125 0.6421875 0.08125 0.0734375
14 0.41015625 0.778125 0.078125 0.0796875
14 0.4828125 0.91015625 0.0828125 0.078125
14 0.47734375 0.246875 0.08125 0.0796875
14 0.76953125 0.26875 0.0796875 0.0828125
4 0.47890625 0.825 0.08125 0.08125
0 0.61484375 0.07734375 0.071875 0.075
0 0.46640625 0.134375 0.0703125 0.08125
3 0.5953125 0.3453125 0.078125 0.0703125
3 0.38671875 0.2609375 0.075 0.08125
5 0.43828125 0.49765625 0.0796875 0.0734375
5 0.60859375 0.85234375 0.0828125 0.0859375
2 0.6765625 0.3609375 0.0734375 0.0828125
2 0.21875 0.746875 0.0828125 0.0828125
1 0.19609375 0.84296875 0.084375 0.0828125
1 0.59375 0.2640625 0.078125 0.0828125
6 0.79140625 0.89453125 0.078125 0.0828125
6 0.321875 0.91484375 0.0828125 0.08125
6 0.56015625 0.59296875 0.0734375 0.0828125
6 0.38828125 0.11796875 0.075 0.08125
6 0.5515625 0.16796875 0.0765625 0.0765625