12 0.18515625 0.74375 0.0640625 0.0625
8 0.19296875 0.6375 0.059375 0.059375
8 0.51484375 0.34765625 0.0515625 0.05625
11 0.55390625 0.853125 0.0625 0.059375
11 0.28125 0.8671875 0.0625 0.0609375
13 0.57421875 0.73984375 0.0546875 0.05625
13 0.6828125 0.86328125 0.059375 0.0609375
10 0.440625 0.78359375 0.0609375 0.0546875
10 0.3828125 0.315625 0.0609375 0.05625
9 0.640625 0.5828125 0.0515625 0.0578125
9 0.521875 0.55703125 0.0578125 0.05625
14 0.5671875 0.65078125 0.0515625 0.0578125
14 0.39765625 0.65859375 0.0546875 0.05625
14 0.346875 0.45859375 0.05 0.0546875
14 0.15703125 0.203125 0.0515625 0.0546875
14 0.55546875 0.2515625 0.0515625 0.0484375
4 0.734375 0.5078125 0.0578125 0.05625
0 0.1921875 0.49609375 0.0609375 0.0578125
0 0.2546875 0.35859375 0.0625 0.0578125
3 0.67890625 0.39609375 0.0609375 0.0546875
3 0.30078125 0.58203125 0.059375 0.059375
5 0.70625 0.7171875 0.059375 0.05625
5 0.64609375 0.20234375 0.046875 0.0515625
2 0.77109375 0.62265625 0.0515625 0.05625
2 0.41796875 0.54765625 0.059375 0.059375
1 0.540625 0.45 0.0484375 0.046875
1 0.44921875 0.2453125 0.059375 0.05625
6 0.2828125 0.21484375 0.05625 0.0546875
6 0.43828125 0.15546875 0.05625 0.05625
6 0.709375 0.1421875 0.0515625 0.05625
6 0.6984375 0.296875 0.0609375 0.0546875
6 0.32265625 0.74921875 0.0671875 0.0609375