12 0.74765625 0.23984375 0.0765625 0.0765625
8 0.47109375 0.82109375 0.0734375 0.0734375
8 0.43125 0.2984375 0.075 0.075
11 0.3859375 0.38203125 0.071875 0.0703125
11 0.51875 0.446875 0.0703125 0.071875
13 0.53203125 0.69765625 0.071875 0.071875
13 0.65390625 0.4984375 0.0640625 0.0671875
10 0.36640625 0.44140625 0.0671875 0.0703125
10 0.534375 0.621875 0.0640625 0.0671875
9 0.6546875 0.13359375 0.075 0.078125
9 0.72265625 0.46796875 0.071875 0.075
14 0.52734375 0.790625 0.071875 0.075
14 0.5578125 0.56484375 0.0765625 0.0765625
14 0.5515625 0.2109375 0.0734375 0.0734375
14 0.43125 0.42734375 0.06875 0.0734375
14 0.46875 0.47734375 0.071875 0.0671875
4 0.5796875 0.13828125 0.078125 0.0765625
0 0.44453125 0.16875 0.0828125 0.08125
0 0.48125 0.6546875 0.0765625 0.078125
3 0.27265625 0.48359375 0.0796875 0.0796875
3 0.57265625 0.415625 0.0765625 0.0734375
5 0.4109375 0.66171875 0.0796875 0.08125
5 0.709375 0.353125 0.084375 0.0796875
2 0.4078125 0.48828125 0.0734375 0.0703125
2 0.5421875 0.503125 0.0703125 0.0703125
1 0.48203125 0.88203125 0.0765625 0.075
1 0.34375 0.553125 0.0765625 0.0796875
6 0.48984375 0.9484375 0.078125 0.078125
6 0.45 0.53515625 0.0765625 0.06875
6 0.59609375 0.47265625 0.078125 0.0734375
6 0.51796875 0.15 0.0796875 0.08125
6 0.59375 0.07265625 0.0796875 0.0828125