12 0.30546875 0.94921875 0.1015625 0.0875
8 0.23515625 0.7765625 0.10625 0.1015625
8 0.378125 0.80546875 0.0953125 0.0921875
11 0.15 0.2453125 0.10625 0.1015625
11 0.8328125 0.2515625 0.090625 0.0953125
13 0.46796875 0.671875 0.10625 0.0921875
10 0.52109375 0.2203125 0.1 0.0984375
9 0.3921875 0.35 0.103125 0.0953125
9 0.6 0.80078125 0.1 0.0953125
14 0.64765625 0.28671875 0.1 0.0921875
14 0.60234375 0.1484375 0.0921875 0.096875
14 0.5109375 0.06171875 0.0921875 0.103125
14 0.7046875 0.059375 0.103125 0.0890625
4 0.65703125 0.93828125 0.10625 0.1
0 0.2421875 0.3734375 0.1046875 0.0953125
0 0.24453125 0.64765625 0.1015625 0.0984375
3 0.36796875 0.5515625 0.1 0.103125
3 0.24140625 0.07578125 0.1078125 0.1
5 0.45234375 0.4453125 0.096875 0.0890625
5 0.28203125 0.25 0.1 0.1
2 0.8046875 0.8859375 0.0984375 0.096875
2 0.73984375 0.20546875 0.1 0.1
1 0.8046875 0.0484375 0.096875 0.0703125
6 0.4546875 0.94140625 0.0984375 0.096875
6 0.16953125 0.9265625 0.1015625 0.1
6 0.48828125 0.5375 0.1046875 0.0953125
6 0.23046875 0.4734375 0.1046875 0.0984375
6 0.42265625 0.1671875 0.096875 0.10625