7 0.13046875 0.075 0.0515625 0.059375
7 0.22265625 0.075 0.0546875 0.0625
7 0.3140625 0.07265625 0.0515625 0.0609375
7 0.40546875 0.06953125 0.0515625 0.0578125
7 0.7703125 0.07734375 0.0609375 0.0546875
7 0.86171875 0.07421875 0.0546875 0.0578125
7 0.12734375 0.15546875 0.0515625 0.05625
7 0.21953125 0.15625 0.0546875 0.0546875
7 0.31484375 0.16015625 0.0578125 0.059375
7 0.4046875 0.15546875 0.0578125 0.0625
7 0.5921875 0.1609375 0.046875 0.0546875
7 0.67890625 0.1625 0.0546875 0.0578125
7 0.77109375 0.16015625 0.0625 0.05625
7 0.8625 0.159375 0.0625 0.0578125
7 0.1296875 0.24296875 0.05 0.0609375
7 0.22265625 0.24609375 0.0578125 0.0609375
7 0.31640625 0.25 0.0546875 0.05625
7 0.4046875 0.2453125 0.046875 0.059375
7 0.58984375 0.24609375 0.05625 0.046875
7 0.6796875 0.2484375 0.0515625 0.0515625
7 0.77421875 0.24609375 0.0625 0.0578125
7 0.3109375 0.328125 0.0609375 0.0515625
7 0.40234375 0.3328125 0.059375 0.05
7 0.58984375 0.33359375 0.0421875 0.0515625
7 0.775 0.334375 0.046875 0.0578125
7 0.8609375 0.3359375 0.0484375 0.0546875
7 0.128125 0.41484375 0.046875 0.0515625
7 0.21875 0.4140625 0.0484375 0.046875
7 0.490625 0.4171875 0.0546875 0.0546875
7 0.58828125 0.41484375 0.0484375 0.0453125
7 0.6765625 0.4203125 0.0453125 0.0484375
7 0.76640625 0.41640625 0.0484375 0.0453125
7 0.12890625 0.503125 0.0421875 0.0515625
7 0.21953125 0.50703125 0.0546875 0.05
7 0.3109375 0.50234375 0.05 0.0546875
7 0.76875 0.5078125 0.04375 0.05625
7 0.8578125 0.51015625 0.0484375 0.0515625
7 0.21875 0.58984375 0.0515625 0.0515625
7 0.3078125 0.58671875 0.0640625 0.05625
7 0.40390625 0.590625 0.0484375 0.05
7 0.49375 0.59140625 0.05625 0.059375
7 0.584375 0.590625 0.04375 0.0578125
7 0.675 0.5921875 0.05625 0.0578125
7 0.1296875 0.6765625 0.040625 0.0453125
7 0.221875 0.6765625 0.0515625 0.0484375
7 0.31015625 0.67734375 0.0484375 0.046875
7 0.5859375 0.67578125 0.046875 0.0546875
7 0.67890625 0.68046875 0.046875 0.0546875
7 0.76796875 0.6828125 0.0421875 0.0484375
7 0.85703125 0.68125 0.05 0.0515625
7 0.128125 0.76015625 0.046875 0.0484375
7 0.21640625 0.76171875 0.0546875 0.05625
7 0.4921875 0.76328125 0.059375 0.0515625
7 0.584375 0.7625 0.0546875 0.0546875
7 0.68046875 0.76484375 0.0546875 0.0515625
7 0.77265625 0.76796875 0.0484375 0.059375
7 0.859375 0.76640625 0.0453125 0.059375
7 0.128125 0.84296875 0.04375 0.0484375
7 0.221875 0.8453125 0.0515625 0.046875
7 0.3109375 0.846875 0.05 0.05
7 0.7703125 0.85 0.05 0.0515625
7 0.859375 0.84921875 0.0453125 0.05
12 0.5 0.8328125 0.059375 0.0609375
8 0.59375 0.840625 0.0640625 0.0640625
8 0.3984375 0.675 0.065625 0.0625
11 0.675 0.84296875 0.0625 0.065625
11 0.496875 0.67421875 0.0625 0.0671875
13 0.58359375 0.50390625 0.0625 0.0609375
13 0.40625 0.51796875 0.0640625 0.0625
10 0.7671875 0.59375 0.0609375 0.0671875
9 0.40078125 0.765625 0.0578125 0.0671875
9 0.403125 0.84453125 0.0609375 0.0625
14 0.8640625 0.60078125 0.06875 0.0671875
14 0.68046875 0.5078125 0.05 0.065625
14 0.49921875 0.50703125 0.0609375 0.0671875
14 0.13515625 0.5921875 0.0640625 0.0609375
4 0.49453125 0.084375 0.0609375 0.0640625
0 0.5875 0.0796875 0.0640625 0.071875
0 0.48984375 0.15390625 0.065625 0.071875
3 0.6796875 0.0859375 0.065625 0.0671875
3 0.496875 0.2390625 0.065625 0.0703125
5 0.86953125 0.24921875 0.065625 0.0640625
2 0.23203125 0.33671875 0.06875 0.071875
1 0.309375 0.4140625 0.0671875 0.0640625
1 0.40390625 0.4140625 0.065625 0.0640625
5 0.3078125 0.75703125 0.0640625 0.0671875
6 0.14453125 0.321875 0.0703125 0.065625
6 0.50390625 0.32578125 0.0703125 0.0640625
6 0.68671875 0.3328125 0.0671875 0.0671875
6 0.8671875 0.4234375 0.0765625 0.06875