12 0.6734375 0.56171875 0.05625 0.05625
8 0.4828125 0.190625 0.05 0.0546875
8 0.771875 0.63046875 0.059375 0.053125
11 0.58359375 0.52109375 0.0546875 0.05625
11 0.25859375 0.1828125 0.0546875 0.059375
13 0.64375 0.74453125 0.0546875 0.05625
13 0.61328125 0.65703125 0.0625 0.0625
10 0.3421875 0.590625 0.05625 0.05625
10 0.50078125 0.70703125 0.0609375 0.0578125
9 0.26953125 0.49375 0.0640625 0.0609375
9 0.4203125 0.8 0.0640625 0.0609375
14 0.64296875 0.14609375 0.0546875 0.05
14 0.3453125 0.27734375 0.0640625 0.0609375
14 0.57734375 0.28203125 0.05625 0.0546875
14 0.50625 0.8875 0.0546875 0.0609375
14 0.5140625 0.603125 0.05625 0.059375
4 0.68046875 0.8484375 0.0640625 0.065625
0 0.6171875 0.39765625 0.05625 0.05625
0 0.5640625 0.80390625 0.0625 0.0578125
3 0.29296875 0.8734375 0.0625 0.0625
3 0.215625 0.7734375 0.0625 0.065625
5 0.71640625 0.3359375 0.06875 0.0625
5 0.3796875 0.69765625 0.0578125 0.065625
2 0.48984375 0.353125 0.0546875 0.05625
2 0.740625 0.73359375 0.059375 0.05625
1 0.2171875 0.3765625 0.0640625 0.0578125
1 0.2921875 0.6828125 0.05625 0.053125
6 0.7609375 0.490625 0.0625 0.065625
6 0.4234375 0.55078125 0.059375 0.053125
6 0.40234375 0.40546875 0.059375 0.059375
6 0.80859375 0.83984375 0.0625 0.0640625
6 0.1921875 0.60546875 0.0578125 0.0625