10 0.52578125 0.36796875 0.0625 0.071875
10 0.253125 0.48359375 0.0671875 0.0609375
8 0.3921875 0.140625 0.0609375 0.05625
8 0.23203125 0.71875 0.059375 0.0640625
4 0.6890625 0.89453125 0.06875 0.0640625
3 0.37890625 0.3515625 0.059375 0.05625
3 0.6609375 0.60625 0.071875 0.065625
5 0.703125 0.77109375 0.059375 0.05625
5 0.62421875 0.12265625 0.0609375 0.071875
0 0.50859375 0.08515625 0.059375 0.0609375
0 0.3484375 0.8078125 0.0671875 0.0671875
1 0.44453125 0.90859375 0.0609375 0.05625
1 0.30234375 0.1875 0.05625 0.0609375
13 0.271875 0.28359375 0.0640625 0.0609375
13 0.48046875 0.67578125 0.0609375 0.0640625
2 0.49140625 0.5859375 0.0609375 0.0609375
2 0.34609375 0.675 0.0640625 0.0609375
9 0.3203125 0.5734375 0.071875 0.0703125
9 0.49765625 0.7875 0.0609375 0.0609375
6 0.59296875 0.740625 0.0609375 0.05625
6 0.80859375 0.58125 0.071875 0.0625
6 0.6265625 0.3375 0.0640625 0.0609375
6 0.63515625 0.24765625 0.06875 0.06875
6 0.515625 0.2078125 0.0625 0.071875
11 0.7640625 0.240625 0.075 0.06875
11 0.76953125 0.40625 0.0671875 0.059375
12 0.665625 0.47265625 0.0609375 0.0640625
14 0.5609375 0.47890625 0.05625 0.05625
14 0.4078125 0.4796875 0.0640625 0.06875
14 0.30078125 0.92109375 0.075 0.06875
14 0.565625 0.86953125 0.0671875 0.06875
14 0.1828125 0.88046875 0.0703125 0.071875