12 0.378125 0.35234375 0.0671875 0.0671875
8 0.3390625 0.79453125 0.059375 0.0625
8 0.69375 0.54375 0.0671875 0.0640625
11 0.64296875 0.78984375 0.0703125 0.0671875
11 0.50625 0.76640625 0.0671875 0.0703125
13 0.35625 0.7296875 0.065625 0.0703125
13 0.36015625 0.41328125 0.0671875 0.0625
10 0.615625 0.64453125 0.0671875 0.06875
10 0.2984375 0.38984375 0.0703125 0.0671875
9 0.2734375 0.28125 0.06875 0.0671875
9 0.52890625 0.08828125 0.06875 0.0703125
14 0.56015625 0.303125 0.0703125 0.065625
14 0.60625 0.190625 0.059375 0.0671875
14 0.31640625 0.328125 0.0578125 0.065625
14 0.40078125 0.79765625 0.0625 0.0640625
14 0.66796875 0.59921875 0.06875 0.0578125
4 0.6734375 0.165625 0.075 0.071875
0 0.41953125 0.86484375 0.0625 0.059375
0 0.69375 0.37890625 0.071875 0.0703125
3 0.60546875 0.73671875 0.06875 0.065625
3 0.52578125 0.18984375 0.0734375 0.0734375
5 0.53046875 0.821875 0.071875 0.075
5 0.36953125 0.28515625 0.075 0.0734375
2 0.6640625 0.690625 0.0765625 0.0703125
2 0.4453125 0.7484375 0.071875 0.0734375
1 0.7328125 0.865625 0.075 0.075
1 0.35625 0.8546875 0.06875 0.0625
6 0.60078125 0.07890625 0.075 0.075
6 0.640625 0.2484375 0.075 0.0671875
6 0.54296875 0.5171875 0.06875 0.0734375
6 0.3765625 0.9140625 0.0734375 0.065625
6 0.46953125 0.82734375 0.0625 0.065625