12 0.603125 0.69765625 0.1015625 0.1
8 0.20859375 0.45234375 0.09375 0.0953125
8 0.6546875 0.39765625 0.0890625 0.0890625
11 0.55234375 0.58125 0.090625 0.0921875
11 0.4203125 0.4 0.090625 0.090625
13 0.31796875 0.7203125 0.1046875 0.1046875
13 0.28203125 0.4921875 0.096875 0.0953125
10 0.63984375 0.77265625 0.1046875 0.1046875
10 0.4953125 0.4234375 0.0890625 0.0875
9 0.49375 0.34375 0.09375 0.0953125
9 0.5015625 0.73515625 0.1015625 0.103125
14 0.3015625 0.56796875 0.1 0.1015625
14 0.3625 0.44921875 0.1 0.1
14 0.54921875 0.48203125 0.0984375 0.1
14 0.4359375 0.24453125 0.0953125 0.0984375
14 0.4359375 0.5890625 0.0984375 0.1
4 0.62890625 0.46875 0.0921875 0.09375
0 0.43828125 0.47265625 0.0953125 0.0953125
0 0.57578125 0.40625 0.096875 0.0984375
3 0.52890625 0.65859375 0.1 0.1
3 0.41171875 0.3203125 0.0984375 0.096875
5 0.365625 0.62109375 0.096875 0.096875
5 0.49140625 0.5328125 0.1015625 0.103125
2 0.57578125 0.32734375 0.1015625 0.103125
2 0.65546875 0.315625 0.1 0.1
1 0.63984375 0.221875 0.1078125 0.1078125
1 0.34609375 0.3671875 0.103125 0.103125
6 0.425 0.66484375 0.0953125 0.09375
6 0.625 0.54765625 0.096875 0.0984375
6 0.70703125 0.45859375 0.1109375 0.109375
6 0.35390625 0.2421875 0.10625 0.1046875
6 0.38046875 0.53203125 0.103125 0.103125