7 0.12109375 0.23671875 0.0875 0.0875
7 0.19453125 0.1875 0.09375 0.0890625
7 0.5171875 0.02421875 0.09375 0.0484375
7 0.025 0.39921875 0.05 0.0890625
7 0.1625 0.30546875 0.0859375 0.0859375
7 0.403125 0.16796875 0.0875 0.090625
7 0.4828125 0.11796875 0.0875 0.0890625
7 0.559375 0.06953125 0.0890625 0.090625
7 0.63671875 0.03359375 0.0828125 0.0671875
7 0.04921875 0.471875 0.0828125 0.0859375
7 0.134375 0.42578125 0.08125 0.084375
7 0.28828125 0.33359375 0.071875 0.0796875
7 0.446875 0.2390625 0.0875 0.0875
7 0.52578125 0.19375 0.084375 0.084375
7 0.1796875 0.50234375 0.0828125 0.084375
7 0.33671875 0.40703125 0.084375 0.084375
7 0.49296875 0.315625 0.0828125 0.0875
7 0.65 0.22109375 0.0765625 0.0765625
7 0.721875 0.17109375 0.0796875 0.0828125
7 0.140625 0.6203125 0.078125 0.0828125
7 0.2125 0.5734375 0.0734375 0.075
7 0.29375 0.5265625 0.0875 0.0859375
7 0.37265625 0.47734375 0.084375 0.0828125
7 0.45625 0.4359375 0.084375 0.0890625
7 0.52734375 0.38203125 0.0765625 0.0734375
7 0.61015625 0.3375 0.071875 0.0734375
7 0.6875 0.2890625 0.0734375 0.0765625
7 0.1875 0.696875 0.0703125 0.0703125
7 0.26328125 0.65078125 0.0703125 0.06875
7 0.49765625 0.50859375 0.0875 0.084375
7 0.58125 0.4625 0.078125 0.0796875
7 0.65859375 0.415625 0.0640625 0.06875
7 0.73671875 0.371875 0.06875 0.0703125
7 0.81328125 0.32109375 0.0734375 0.075
7 0.30625 0.7234375 0.075 0.078125
7 0.384375 0.67578125 0.0875 0.084375
7 0.46015625 0.6296875 0.0828125 0.0796875
7 0.62109375 0.53359375 0.0765625 0.0765625
7 0.77890625 0.44296875 0.0671875 0.06875
7 0.27421875 0.8421875 0.06875 0.0671875
7 0.353125 0.79375 0.0859375 0.0859375
7 0.4296875 0.74921875 0.0765625 0.0765625
7 0.65859375 0.609375 0.0796875 0.078125
7 0.8265625 0.515625 0.071875 0.0703125
7 0.9015625 0.4703125 0.075 0.078125
7 0.31796875 0.91328125 0.0703125 0.0734375
7 0.40078125 0.86875 0.0765625 0.0734375
7 0.475 0.8234375 0.0625 0.0640625
7 0.5484375 0.7796875 0.08125 0.0828125
7 0.709375 0.68125 0.078125 0.078125
7 0.7890625 0.63359375 0.078125 0.0796875
7 0.86875 0.5875 0.078125 0.0828125
7 0.94765625 0.54453125 0.071875 0.075
7 0.43671875 0.94375 0.06875 0.06875
7 0.59140625 0.846875 0.06875 0.06875
7 0.97578125 0.61171875 0.0484375 0.0765625
12 0.67265625 0.7859375 0.0796875 0.0828125
8 0.6265625 0.72265625 0.0921875 0.0921875
8 0.75625 0.7453125 0.0828125 0.084375
11 0.8265625 0.70390625 0.0875 0.0890625
11 0.50546875 0.88828125 0.071875 0.0765625
13 0.7515625 0.565625 0.078125 0.0796875
13 0.421875 0.55390625 0.08125 0.08125
10 0.915625 0.6625 0.078125 0.0796875
10 0.36171875 0.97734375 0.0828125 0.0453125
9 0.51015625 0.69765625 0.0765625 0.0796875
9 0.5859375 0.6515625 0.0734375 0.0765625
14 0.2328125 0.765625 0.084375 0.0875
14 0.3359375 0.6046875 0.078125 0.078125
14 0.5328125 0.58984375 0.078125 0.084375
14 0.70078125 0.490625 0.0765625 0.08125
14 0.86328125 0.3984375 0.0828125 0.084375
4 0.28046875 0.14609375 0.0921875 0.0921875
0 0.3203125 0.2125 0.0796875 0.0796875
0 0.35703125 0.0953125 0.0953125 0.096875
3 0.3671875 0.27890625 0.090625 0.090625
3 0.44296875 0.0546875 0.0921875 0.0953125
5 0.68828125 0.0953125 0.0953125 0.096875
5 0.23515625 0.25703125 0.0890625 0.0875
2 0.04375 0.27734375 0.0875 0.0984375
2 0.0859375 0.35234375 0.0890625 0.0890625
1 0.20703125 0.371875 0.0859375 0.0859375
1 0.603125 0.14453125 0.090625 0.090625
6 0.11171875 0.528125 0.096875 0.0953125
6 0.25 0.446875 0.0890625 0.090625
6 0.4171875 0.34921875 0.090625 0.090625
6 0.5734375 0.26171875 0.0921875 0.0921875
6 0.7765625 0.24375 0.090625 0.090625