12 0.73203125 0.3390625 0.0515625 0.0609375
8 0.6625 0.48125 0.0546875 0.05
8 0.2484375 0.36796875 0.065625 0.05625
11 0.76484375 0.86953125 0.0515625 0.059375
11 0.38125 0.59140625 0.0578125 0.059375
13 0.69765625 0.74453125 0.059375 0.0546875
13 0.775 0.6921875 0.0609375 0.0546875
10 0.6734375 0.5828125 0.059375 0.0546875
10 0.565625 0.42734375 0.059375 0.05
9 0.4703125 0.6828125 0.065625 0.059375
9 0.23671875 0.7015625 0.065625 0.0609375
14 0.49375 0.56015625 0.0515625 0.05625
14 0.5953125 0.65625 0.0546875 0.0609375
14 0.759375 0.44296875 0.0546875 0.0625
14 0.74921875 0.2125 0.0578125 0.059375
14 0.178125 0.25234375 0.065625 0.0609375
4 0.3328125 0.4390625 0.0546875 0.0578125
0 0.41328125 0.27890625 0.05625 0.0578125
0 0.6046875 0.25546875 0.059375 0.0609375
3 0.7828125 0.5390625 0.059375 0.059375
3 0.2890625 0.21015625 0.0625 0.0640625
5 0.34921875 0.1109375 0.0609375 0.059375
5 0.52578125 0.328125 0.05625 0.0625
2 0.4453125 0.915625 0.0640625 0.0609375
2 0.21953125 0.9078125 0.0578125 0.0578125
1 0.58203125 0.8390625 0.0515625 0.0546875
1 0.671875 0.1390625 0.05625 0.0625
6 0.52890625 0.178125 0.0546875 0.0625
6 0.25546875 0.534375 0.0671875 0.059375
6 0.4640625 0.4484375 0.0625 0.0546875
6 0.37109375 0.7453125 0.059375 0.05625
6 0.34453125 0.85390625 0.059375 0.0578125