7 0.21953125 0.07890625 0.05 0.0640625
7 0.31015625 0.07421875 0.0484375 0.0578125
7 0.77109375 0.0765625 0.065625 0.05625
7 0.8625 0.07578125 0.0515625 0.05
7 0.13125 0.16328125 0.0546875 0.05625
7 0.31328125 0.159375 0.0546875 0.0578125
7 0.496875 0.16171875 0.0625 0.05625
7 0.58828125 0.1640625 0.0515625 0.0640625
7 0.6796875 0.16328125 0.059375 0.065625
7 0.7703125 0.159375 0.0703125 0.0609375
7 0.86484375 0.1578125 0.0578125 0.0609375
7 0.13203125 0.24609375 0.0484375 0.0546875
7 0.221875 0.2484375 0.059375 0.05625
7 0.40625 0.24921875 0.0640625 0.0609375
7 0.5890625 0.2484375 0.0578125 0.05625
7 0.67734375 0.2453125 0.0609375 0.059375
7 0.221875 0.3359375 0.0515625 0.0578125
7 0.403125 0.33671875 0.0671875 0.059375
7 0.5875 0.3359375 0.0609375 0.0609375
7 0.77734375 0.3375 0.0546875 0.0578125
7 0.13125 0.4140625 0.0546875 0.0578125
7 0.21640625 0.41640625 0.0578125 0.0484375
7 0.3140625 0.41796875 0.05625 0.0515625
7 0.40390625 0.41796875 0.0625 0.0515625
7 0.49375 0.415625 0.0421875 0.0578125
7 0.58828125 0.415625 0.0515625 0.05
7 0.67890625 0.41640625 0.0671875 0.059375
7 0.7671875 0.41484375 0.05 0.0453125
7 0.8625 0.4203125 0.0515625 0.059375
7 0.13203125 0.51015625 0.0484375 0.0515625
7 0.22421875 0.51015625 0.0453125 0.0421875
7 0.40390625 0.509375 0.05625 0.0546875
7 0.496875 0.50546875 0.0453125 0.0546875
7 0.58515625 0.50625 0.0515625 0.059375
7 0.67890625 0.51171875 0.0546875 0.0453125
7 0.76875 0.5078125 0.046875 0.0515625
7 0.85859375 0.51015625 0.04375 0.0515625
7 0.21953125 0.5890625 0.046875 0.0546875
7 0.31015625 0.58671875 0.059375 0.059375
7 0.40546875 0.59375 0.0515625 0.0578125
7 0.58828125 0.59453125 0.0515625 0.05625
7 0.7671875 0.59140625 0.0578125 0.05625
7 0.21484375 0.67578125 0.0671875 0.0609375
7 0.4046875 0.678125 0.05 0.05625
7 0.58359375 0.67890625 0.05625 0.0578125
7 0.77265625 0.68125 0.0484375 0.05625
7 0.859375 0.68203125 0.0453125 0.0546875
7 0.12734375 0.765625 0.0484375 0.0546875
7 0.2171875 0.765625 0.0484375 0.0546875
7 0.30859375 0.76484375 0.0484375 0.0515625
7 0.39609375 0.76171875 0.0578125 0.059375
7 0.49375 0.76171875 0.059375 0.0515625
7 0.584375 0.7640625 0.046875 0.0546875
7 0.67421875 0.7640625 0.0546875 0.0546875
7 0.76796875 0.76796875 0.05625 0.0515625
7 0.86171875 0.76640625 0.040625 0.0515625
7 0.215625 0.84765625 0.0515625 0.0484375
7 0.86171875 0.846875 0.046875 0.05
12 0.5 0.83359375 0.059375 0.065625
8 0.403125 0.84609375 0.0640625 0.0625
8 0.59453125 0.84140625 0.0625 0.06875
11 0.67578125 0.8421875 0.0578125 0.0671875
11 0.30625 0.8359375 0.0671875 0.0671875
13 0.68125 0.68671875 0.059375 0.0671875
13 0.31328125 0.68046875 0.0640625 0.0671875
10 0.77890625 0.85078125 0.0578125 0.0671875
10 0.1234375 0.85859375 0.0640625 0.0671875
9 0.13046875 0.67421875 0.065625 0.0671875
9 0.49375 0.6734375 0.059375 0.059375
14 0.1359375 0.5890625 0.0625 0.0671875
14 0.30625 0.5046875 0.0546875 0.0625
14 0.48203125 0.59140625 0.0625 0.06875
14 0.6765625 0.59375 0.059375 0.0671875
14 0.8625 0.59765625 0.065625 0.071875
4 0.49453125 0.084375 0.0671875 0.0703125
0 0.40078125 0.07421875 0.0734375 0.0703125
0 0.5875 0.078125 0.0671875 0.075
3 0.6796875 0.08671875 0.071875 0.071875
3 0.496875 0.23984375 0.065625 0.075
5 0.8640625 0.240625 0.0625 0.0671875
5 0.39921875 0.15546875 0.0640625 0.06875
2 0.2203125 0.159375 0.065625 0.0703125
2 0.13125 0.07890625 0.0671875 0.0671875
1 0.3140625 0.240625 0.065625 0.0671875
1 0.7703125 0.2453125 0.0671875 0.071875
6 0.14921875 0.32578125 0.0640625 0.0671875
6 0.31015625 0.32578125 0.06875 0.0671875
6 0.50546875 0.3265625 0.0609375 0.065625
6 0.68671875 0.33125 0.0671875 0.0703125
6 0.859375 0.328125 0.071875 0.06875