7 0.03359375 0.27890625 0.0671875 0.0734375
7 0.01328125 0.40546875 0.0265625 0.0765625
7 0.07734375 0.3578125 0.0765625 0.0765625
7 0.1640625 0.31015625 0.0796875 0.078125
7 0.24765625 0.26015625 0.0796875 0.08125
7 0.3328125 0.21328125 0.0859375 0.0828125
7 0.42109375 0.16171875 0.08125 0.08125
7 0.50390625 0.11328125 0.0796875 0.0828125
7 0.5921875 0.065625 0.078125 0.0828125
7 0.67265625 0.02734375 0.0796875 0.0546875
7 0.11796875 0.43515625 0.0875 0.0890625
7 0.29296875 0.33828125 0.078125 0.078125
7 0.46328125 0.24140625 0.0796875 0.0796875
7 0.5484375 0.19453125 0.0734375 0.0734375
7 0.634375 0.14296875 0.090625 0.0875
7 0.7203125 0.09609375 0.0828125 0.0796875
7 0.171875 0.51796875 0.0734375 0.078125
7 0.340625 0.421875 0.0828125 0.08125
7 0.5125 0.325 0.071875 0.075
7 0.68359375 0.2234375 0.0734375 0.0765625
7 0.12890625 0.64375 0.0703125 0.0703125
7 0.21484375 0.59609375 0.06875 0.0703125
7 0.30546875 0.5484375 0.0734375 0.075
7 0.3859375 0.49765625 0.0609375 0.0640625
7 0.4734375 0.45078125 0.065625 0.0640625
7 0.55390625 0.4015625 0.0734375 0.06875
7 0.640625 0.35234375 0.0734375 0.0734375
7 0.72265625 0.30078125 0.0734375 0.071875
7 0.80625 0.25703125 0.06875 0.0703125
7 0.18046875 0.725 0.0796875 0.0828125
7 0.2671875 0.6796875 0.0640625 0.0640625
7 0.4390625 0.58125 0.0734375 0.075
7 0.5203125 0.53046875 0.078125 0.0796875
7 0.6046875 0.484375 0.0734375 0.0765625
7 0.68984375 0.4375 0.078125 0.078125
7 0.77265625 0.38828125 0.0828125 0.078125
7 0.85390625 0.3375 0.084375 0.0828125
7 0.30703125 0.76015625 0.08125 0.0796875
7 0.39609375 0.70703125 0.075 0.0734375
7 0.478125 0.6609375 0.075 0.0765625
7 0.65 0.5625 0.090625 0.090625
7 0.81796875 0.4671875 0.084375 0.084375
7 0.27109375 0.88828125 0.0765625 0.075
7 0.52578125 0.73984375 0.0828125 0.08125
7 0.69296875 0.63828125 0.0734375 0.0765625
7 0.865625 0.54765625 0.0859375 0.0859375
7 0.94921875 0.4984375 0.08125 0.0828125
7 0.3171875 0.9640625 0.075 0.071875
7 0.40546875 0.91953125 0.0734375 0.06875
7 0.48515625 0.8703125 0.075 0.0734375
7 0.56796875 0.81796875 0.0703125 0.0703125
7 0.65546875 0.7703125 0.0796875 0.075
7 0.74140625 0.71640625 0.0765625 0.075
7 0.82578125 0.671875 0.0734375 0.071875
7 0.91015625 0.625 0.0796875 0.075
7 0.97734375 0.57578125 0.0453125 0.0734375
7 0.4421875 0.98203125 0.065625 0.0359375
7 0.95546875 0.7015625 0.071875 0.071875
12 0.69453125 0.83984375 0.0859375 0.0875
8 0.78828125 0.7953125 0.0875 0.0875
8 0.615625 0.88359375 0.09375 0.09375
11 0.86171875 0.74375 0.0859375 0.090625
11 0.52109375 0.93515625 0.0875 0.0875
13 0.78203125 0.5953125 0.0890625 0.0859375
13 0.43515625 0.7859375 0.0875 0.090625
9 0.3546875 0.83359375 0.0859375 0.0875
9 0.6109375 0.6875 0.0796875 0.0828125
14 0.234375 0.81328125 0.090625 0.090625
14 0.35 0.62890625 0.0921875 0.09375
14 0.56875 0.61015625 0.090625 0.0890625
14 0.74453125 0.503125 0.0828125 0.0859375
14 0.90234375 0.4234375 0.0921875 0.0953125
4 0.284375 0.1375 0.090625 0.09375
0 0.37109375 0.090625 0.103125 0.103125
0 0.2140625 0.18515625 0.096875 0.0953125
3 0.4578125 0.04375 0.096875 0.0875
3 0.1140625 0.23203125 0.103125 0.103125
5 0.54453125 0.01796875 0.0953125 0.0359375
5 0.04609375 0.4796875 0.0921875 0.103125
1 0.37421875 0.2875 0.1015625 0.1
1 0.20234375 0.375 0.0953125 0.0953125
6 0.10546875 0.5546875 0.1 0.096875
6 0.25390625 0.4671875 0.096875 0.1
6 0.428125 0.3765625 0.096875 0.0984375
6 0.596875 0.271875 0.0921875 0.0953125
6 0.76015625 0.178125 0.09375 0.096875