14 0.43984375 0.04609375 0.090625 0.090625
14 0.30703125 0.07421875 0.090625 0.08125
14 0.22890625 0.55859375 0.109375 0.0984375
14 0.4515625 0.3765625 0.084375 0.090625
14 0.2828125 0.32734375 0.0875 0.0875
0 0.4015625 0.16953125 0.0734375 0.0765625
0 0.3859375 0.9671875 0.1 0.065625
1 0.17109375 0.39609375 0.0765625 0.0828125
1 0.66796875 0.203125 0.084375 0.090625
9 0.43671875 0.65546875 0.084375 0.084375
9 0.64296875 0.32890625 0.0921875 0.090625
10 0.50859375 0.2953125 0.0828125 0.0828125
10 0.81484375 0.70078125 0.0984375 0.0921875
2 0.821875 0.5125 0.096875 0.0875
2 0.34296875 0.77265625 0.0890625 0.0921875
6 0.4921875 0.76328125 0.090625 0.078125
6 0.5390625 0.1703125 0.0890625 0.0859375
6 0.23125 0.171875 0.0984375 0.0796875
6 0.32734375 0.6515625 0.103125 0.0921875
6 0.6859375 0.4640625 0.1125 0.0984375
13 0.54921875 0.67578125 0.075 0.08125
13 0.50390625 0.903125 0.1 0.1
11 0.71640625 0.8671875 0.1078125 0.0953125
11 0.67109375 0.728125 0.0875 0.1
3 0.61796875 0.609375 0.1046875 0.0984375
3 0.5578125 0.415625 0.090625 0.0984375
8 0.3671875 0.27421875 0.0875 0.1
8 0.415625 0.51328125 0.0984375 0.0921875
5 0.33984375 0.44296875 0.090625 0.090625
5 0.84453125 0.88515625 0.090625 0.09375
4 0.284375 0.87265625 0.0828125 0.084375
12 0.5375 0.52734375 0.0890625 0.0859375