12 0.3390625 0.7375 0.0546875 0.0546875
8 0.53671875 0.76640625 0.05 0.05625
8 0.25390625 0.15625 0.0546875 0.0609375
11 0.7875 0.778125 0.059375 0.0515625
11 0.64453125 0.8140625 0.0546875 0.059375
13 0.39609375 0.4984375 0.0546875 0.0515625
13 0.74609375 0.31953125 0.05 0.0578125
10 0.68203125 0.2078125 0.0578125 0.05625
10 0.36875 0.60390625 0.046875 0.0578125
9 0.809375 0.6453125 0.0578125 0.059375
9 0.7375 0.10390625 0.0546875 0.0546875
4 0.18671875 0.77265625 0.0578125 0.0484375
0 0.31484375 0.86328125 0.0640625 0.0609375
0 0.3375 0.41171875 0.0578125 0.0515625
3 0.625 0.65703125 0.0609375 0.059375
3 0.23203125 0.59453125 0.059375 0.059375
5 0.60078125 0.25390625 0.0546875 0.0578125
5 0.815625 0.9078125 0.0625 0.0578125
2 0.45078125 0.8796875 0.0625 0.0609375
2 0.78046875 0.19375 0.0578125 0.0609375
1 0.17578125 0.35859375 0.0640625 0.0609375
1 0.4359375 0.6984375 0.059375 0.0578125
14 0.2296875 0.4546875 0.0546875 0.0578125
14 0.296875 0.32265625 0.0578125 0.0671875
14 0.44765625 0.36171875 0.059375 0.0609375
14 0.6828125 0.4390625 0.059375 0.0578125
14 0.72421875 0.5671875 0.0625 0.059375
6 0.32578125 0.228125 0.0578125 0.0609375
6 0.521875 0.4453125 0.0578125 0.0609375
6 0.60625 0.35390625 0.0625 0.0640625
6 0.55078125 0.54765625 0.0625 0.05625
6 0.81484375 0.47734375 0.0609375 0.059375