12 0.30390625 0.709375 0.0625 0.0625
8 0.49453125 0.76875 0.0578125 0.0640625
8 0.3109375 0.121875 0.0640625 0.06875
11 0.740625 0.81953125 0.0671875 0.0609375
11 0.59375 0.8328125 0.0640625 0.0671875
13 0.39765625 0.48203125 0.0625 0.059375
13 0.77109375 0.36015625 0.0578125 0.065625
10 0.72578125 0.23984375 0.065625 0.0640625
10 0.35390625 0.58203125 0.0546875 0.0640625
9 0.7828125 0.6921875 0.065625 0.0671875
9 0.796875 0.14609375 0.0625 0.0625
4 0.14765625 0.7203125 0.0640625 0.05625
0 0.26015625 0.8296875 0.0734375 0.0703125
0 0.353125 0.3875 0.065625 0.059375
3 0.59921875 0.675 0.06875 0.06875
3 0.2203125 0.5515625 0.0671875 0.0671875
5 0.63828125 0.27265625 0.0625 0.065625
5 0.74765625 0.95234375 0.0703125 0.0671875
2 0.3921875 0.8671875 0.071875 0.0703125
2 0.825 0.24140625 0.0671875 0.06875
1 0.2015625 0.309375 0.0734375 0.0703125
1 0.40546875 0.6859375 0.0671875 0.065625
14 0.23984375 0.41328125 0.0625 0.065625
14 0.32734375 0.29296875 0.0671875 0.075
14 0.4703125 0.35546875 0.06875 0.06875
14 0.68984375 0.46875 0.0671875 0.065625
14 0.7109375 0.6015625 0.0703125 0.06875
6 0.3703125 0.20390625 0.0671875 0.06875
6 0.53046875 0.44921875 0.0671875 0.06875
6 0.628125 0.37265625 0.071875 0.0734375
6 0.54296875 0.5546875 0.0703125 0.065625
6 0.81484375 0.5265625 0.06875 0.06875