12 0.64921875 0.23984375 0.1609375 0.159375
8 0.4671875 0.2484375 0.15625 0.146875
11 0.2875 0.26484375 0.1453125 0.1515625
13 0.38671875 0.4171875 0.1515625 0.1453125
10 0.74765625 0.39140625 0.159375 0.146875
9 0.56953125 0.40703125 0.1515625 0.153125
14 0.2109375 0.42734375 0.1390625 0.15
4 0.67265625 0.60234375 0.15625 0.140625
0 0.49296875 0.61640625 0.146875 0.15
3 0.31796875 0.63203125 0.1484375 0.1453125
5 0.4140625 0.7796875 0.1359375 0.1359375
2 0.7671875 0.7484375 0.1421875 0.14375
1 0.59296875 0.7671875 0.1390625 0.1375
6 0.2421875 0.78984375 0.1421875 0.140625