12 0.825 0.6265625 0.103125 0.103125
8 0.6140625 0.62734375 0.1 0.103125
8 0.53046875 0.4140625 0.1015625 0.103125
11 0.2796875 0.69765625 0.10625 0.1046875
11 0.58828125 0.0765625 0.1171875 0.1125
13 0.29453125 0.41484375 0.109375 0.10625
13 0.51796875 0.59921875 0.0875 0.0921875
10 0.771875 0.3578125 0.0984375 0.1015625
10 0.42578125 0.56171875 0.1 0.096875
9 0.490625 0.27421875 0.1109375 0.103125
9 0.51171875 0.69453125 0.1109375 0.1078125
14 0.7109375 0.26875 0.1 0.1015625
14 0.3546875 0.49765625 0.0953125 0.0984375
14 0.31875 0.60390625 0.1046875 0.1
14 0.39140625 0.825 0.1109375 0.1078125
14 0.634375 0.45546875 0.1015625 0.103125
4 0.70703125 0.665625 0.1078125 0.103125
0 0.7015625 0.56640625 0.1046875 0.1109375
0 0.42421875 0.375 0.1046875 0.109375
3 0.4890625 0.7953125 0.096875 0.1015625
3 0.66484375 0.15 0.103125 0.1015625
5 0.56015625 0.8609375 0.109375 0.109375
5 0.5453125 0.1703125 0.103125 0.0984375
2 0.24921875 0.50859375 0.109375 0.1046875
2 0.675 0.36484375 0.1 0.103125
1 0.57890625 0.33125 0.1 0.0890625
1 0.73828125 0.4640625 0.1046875 0.1
6 0.66015625 0.7828125 0.1078125 0.1125
6 0.38828125 0.69140625 0.0984375 0.1015625
6 0.55625 0.5109375 0.103125 0.1
6 0.61875 0.2390625 0.0984375 0.0984375
6 0.77109375 0.18125 0.103125 0.1046875