12 0.68046875 0.46171875 0.0671875 0.0703125
8 0.66953125 0.3734375 0.0671875 0.0625
8 0.54453125 0.3796875 0.0578125 0.0578125
11 0.4203125 0.35234375 0.065625 0.059375
11 0.56171875 0.31484375 0.059375 0.0578125
13 0.75546875 0.3125 0.0625 0.0671875
13 0.246875 0.625 0.0625 0.065625
10 0.19765625 0.44609375 0.0625 0.065625
10 0.83828125 0.390625 0.0625 0.06875
9 0.521875 0.6140625 0.0609375 0.065625
9 0.3578125 0.7671875 0.059375 0.065625
14 0.14921875 0.34921875 0.0609375 0.0609375
14 0.325 0.48515625 0.0609375 0.0609375
14 0.440625 0.63671875 0.0625 0.06875
14 0.46484375 0.71328125 0.0671875 0.0703125
14 0.6234375 0.6171875 0.0625 0.0671875
4 0.57421875 0.7484375 0.0609375 0.0640625
0 0.465625 0.54921875 0.059375 0.0609375
0 0.3421875 0.18359375 0.0609375 0.0609375
3 0.465625 0.25625 0.0625 0.065625
3 0.740625 0.628125 0.0671875 0.0671875
5 0.784375 0.73359375 0.0640625 0.06875
5 0.22734375 0.22265625 0.0625 0.0671875
2 0.303125 0.30234375 0.0671875 0.0671875
2 0.54453125 0.20234375 0.0671875 0.071875
1 0.875 0.58984375 0.05625 0.0609375
1 0.340625 0.6296875 0.0625 0.065625
6 0.70078125 0.25546875 0.0609375 0.0609375
6 0.753125 0.40859375 0.0671875 0.06875
6 0.4703125 0.471875 0.05625 0.0578125
6 0.5609375 0.51640625 0.059375 0.05625
6 0.14296875 0.5390625 0.0734375 0.0734375