2 0.31328125 0.46796875 0.1828125 0.1765625
2 0.38125 0.60546875 0.1953125 0.190625
5 0.45625 0.39921875 0.1828125 0.18125
3 0.6828125 0.825 0.2046875 0.20625
1 0.52421875 0.90390625 0.2171875 0.1921875
1 0.45234375 0.74921875 0.1984375 0.1984375
0 0.8390625 0.7265625 0.2140625 0.215625
6 0.94921875 0.6359375 0.1015625 0.2125
6 0.90390625 0.484375 0.1921875 0.20625
6 0.81796875 0.3515625 0.19375 0.1890625
6 0.734375 0.228125 0.178125 0.171875
6 0.5890625 0.3125 0.1984375 0.1921875
10 0.0890625 0.43984375 0.178125 0.2578125
10 0.12890625 0.63125 0.2578125 0.265625
9 0.215625 0.8375 0.253125 0.2671875
9 0.32578125 0.9765625 0.2078125 0.046875