12 0.23046875 0.434375 0.0625 0.059375
8 0.725 0.87421875 0.0546875 0.05625
8 0.56484375 0.215625 0.0609375 0.0515625
11 0.58671875 0.79140625 0.05625 0.0578125
11 0.34296875 0.2 0.05625 0.0578125
13 0.6703125 0.40625 0.05625 0.0578125
13 0.58515625 0.52734375 0.05625 0.0578125
10 0.73515625 0.35078125 0.0515625 0.0578125
10 0.33359375 0.46953125 0.05625 0.0609375
9 0.7734375 0.73515625 0.0609375 0.059375
9 0.35625 0.3609375 0.059375 0.059375
14 0.596875 0.32890625 0.0546875 0.0578125
14 0.63984375 0.69609375 0.05 0.0515625
14 0.4921875 0.7515625 0.05625 0.0515625
14 0.3328125 0.8921875 0.0546875 0.059375
14 0.21953125 0.88515625 0.0578125 0.0578125
4 0.28125 0.7421875 0.059375 0.0625
0 0.18125 0.625 0.0625 0.0640625
0 0.22421875 0.325 0.059375 0.065625
3 0.56953125 0.4234375 0.0546875 0.059375
3 0.6359375 0.13125 0.05625 0.0609375
5 0.50703125 0.6234375 0.0546875 0.0546875
5 0.490625 0.1703125 0.0546875 0.065625
2 0.759375 0.5203125 0.0578125 0.0609375
2 0.45390625 0.30234375 0.0515625 0.0625
1 0.6984375 0.61875 0.0609375 0.0578125
1 0.39921875 0.7015625 0.0578125 0.0578125
6 0.71015625 0.20390625 0.0578125 0.0625
6 0.46953125 0.42734375 0.0546875 0.0609375
6 0.4421875 0.5328125 0.0609375 0.0484375
6 0.31484375 0.571875 0.0609375 0.059375
6 0.45390625 0.865625 0.059375 0.059375