12 0.46640625 0.34375 0.0796875 0.0796875
8 0.41484375 0.71484375 0.0828125 0.0828125
8 0.84453125 0.47890625 0.0875 0.0859375
11 0.5046875 0.90546875 0.0796875 0.078125
11 0.7703125 0.29921875 0.0859375 0.084375
13 0.59375 0.11640625 0.078125 0.078125
13 0.5328125 0.2234375 0.08125 0.08125
10 0.85078125 0.36875 0.084375 0.084375
10 0.64609375 0.42734375 0.08125 0.08125
9 0.16328125 0.38125 0.0796875 0.0796875
9 0.43828125 0.60078125 0.084375 0.084375
14 0.378125 0.8140625 0.078125 0.078125
14 0.51796875 0.74765625 0.0796875 0.0796875
14 0.6140625 0.3203125 0.084375 0.084375
14 0.32421875 0.5671875 0.090625 0.0890625
14 0.41171875 0.26953125 0.0875 0.0859375
4 0.24609375 0.47109375 0.08125 0.08125
0 0.28828125 0.659375 0.0765625 0.078125
0 0.75078125 0.4140625 0.08125 0.08125
3 0.4265625 0.459375 0.08125 0.0828125
3 0.66328125 0.509375 0.0859375 0.0859375
5 0.63671875 0.61171875 0.084375 0.084375
5 0.52734375 0.42890625 0.084375 0.084375
2 0.5875 0.6765625 0.0828125 0.0828125
2 0.66953125 0.80390625 0.075 0.0765625
1 0.76171875 0.7296875 0.0859375 0.0859375
1 0.26015625 0.36015625 0.0828125 0.0828125
6 0.37421875 0.175 0.0828125 0.0828125
6 0.67734375 0.215625 0.0796875 0.078125
6 0.52734375 0.53828125 0.078125 0.0796875
6 0.79453125 0.58828125 0.0828125 0.084375
6 0.8890625 0.571875 0.0921875 0.090625