12 0.50625 0.340625 0.078125 0.0765625
8 0.62109375 0.696875 0.0796875 0.0796875
8 0.15703125 0.5390625 0.084375 0.08125
11 0.565625 0.90078125 0.0765625 0.075
11 0.19921875 0.3484375 0.084375 0.08125
13 0.340625 0.13828125 0.075 0.075
13 0.41953125 0.23359375 0.078125 0.078125
10 0.13203125 0.43203125 0.0828125 0.0796875
10 0.34296875 0.45390625 0.078125 0.078125
9 0.8109375 0.325 0.0765625 0.078125
9 0.578125 0.58828125 0.08125 0.08125
14 0.67421875 0.78828125 0.075 0.075
14 0.525 0.746875 0.078125 0.0765625
14 0.35625 0.34296875 0.0828125 0.0796875
14 0.684375 0.53515625 0.0875 0.0859375
14 0.54765625 0.2578125 0.084375 0.08125
4 0.74453125 0.42734375 0.078125 0.078125
0 0.7359375 0.6203125 0.0734375 0.0765625
0 0.23828125 0.459375 0.078125 0.078125
3 0.565625 0.446875 0.078125 0.0796875
3 0.34140625 0.5375 0.08125 0.0828125
5 0.384375 0.634375 0.08125 0.08125
5 0.4609375 0.43515625 0.08125 0.08125
2 0.44453125 0.6890625 0.0796875 0.0796875
2 0.38515625 0.828125 0.071875 0.075
1 0.28203125 0.771875 0.0828125 0.0828125
1 0.71171875 0.32109375 0.0796875 0.0796875
6 0.56796875 0.1578125 0.0796875 0.0796875
6 0.27578125 0.25078125 0.0765625 0.075
6 0.4796875 0.5421875 0.075 0.0765625
6 0.22578125 0.63828125 0.0796875 0.08125
6 0.12890625 0.63828125 0.0890625 0.0875