12 0.53828125 0.69921875 0.0828125 0.08125
8 0.41953125 0.70859375 0.078125 0.075
8 0.23046875 0.22421875 0.075 0.075
11 0.69921875 0.396875 0.0828125 0.08125
11 0.378125 0.41796875 0.0796875 0.0765625
13 0.584375 0.49375 0.0796875 0.0796875
13 0.56328125 0.18515625 0.065625 0.065625
10 0.2734375 0.3734375 0.078125 0.0796875
10 0.44296875 0.20234375 0.0765625 0.075
9 0.73828125 0.8078125 0.0796875 0.0765625
9 0.65703125 0.60390625 0.075 0.075
14 0.31328125 0.50859375 0.0765625 0.0765625
14 0.12109375 0.34609375 0.078125 0.075
14 0.78671875 0.696875 0.06875 0.06875
14 0.85390625 0.559375 0.0765625 0.075
14 0.74609375 0.52109375 0.078125 0.0765625
4 0.525 0.60546875 0.078125 0.075
0 0.56484375 0.06875 0.075 0.075
0 0.4421875 0.83515625 0.0734375 0.0765625
3 0.4359375 0.53984375 0.0734375 0.0765625
3 0.91640625 0.69453125 0.06875 0.06875
5 0.19140625 0.490625 0.071875 0.0734375
5 0.31640625 0.6796875 0.071875 0.0734375
2 0.6125 0.31796875 0.075 0.075
2 0.46484375 0.4 0.078125 0.078125
1 0.68046875 0.20859375 0.075 0.075
1 0.50625 0.921875 0.0765625 0.078125
6 0.33828125 0.28984375 0.06875 0.071875
6 0.47578125 0.3078125 0.0765625 0.0765625
6 0.78359375 0.41875 0.06875 0.0734375
6 0.66328125 0.74375 0.06875 0.071875
6 0.5671875 0.82421875 0.075 0.0765625