12 0.47734375 0.62109375 0.0515625 0.0453125
8 0.73515625 0.68828125 0.05625 0.0515625
8 0.3359375 0.23671875 0.0578125 0.0515625
11 0.46171875 0.9046875 0.0671875 0.0578125
11 0.33984375 0.3578125 0.0515625 0.0453125
13 0.596875 0.56953125 0.0546875 0.05
13 0.496875 0.51171875 0.059375 0.0484375
10 0.225 0.30859375 0.0546875 0.05625
10 0.428125 0.16328125 0.059375 0.0515625
9 0.57578125 0.1546875 0.0578125 0.046875
9 0.26484375 0.18359375 0.05625 0.05
14 0.5421875 0.3453125 0.0515625 0.0546875
14 0.21796875 0.48203125 0.0546875 0.0515625
14 0.3796875 0.478125 0.0609375 0.05
14 0.59375 0.675 0.0546875 0.059375
14 0.70078125 0.59140625 0.05625 0.0515625
4 0.69921875 0.15 0.0515625 0.0515625
0 0.68046875 0.84921875 0.0546875 0.05
0 0.44453125 0.3984375 0.0515625 0.0515625
3 0.5484375 0.778125 0.0546875 0.0515625
3 0.34609375 0.10234375 0.0515625 0.05
5 0.61953125 0.46640625 0.05625 0.05
5 0.4546875 0.2875 0.0578125 0.0515625
2 0.753125 0.2609375 0.0515625 0.05
2 0.33359375 0.84375 0.0515625 0.0546875
1 0.728125 0.36875 0.05 0.05
1 0.34765625 0.628125 0.05625 0.05
6 0.22265625 0.6015625 0.0546875 0.0515625
6 0.27421875 0.7546875 0.0515625 0.0453125
6 0.44921875 0.71953125 0.0515625 0.0546875
6 0.76328125 0.47734375 0.0515625 0.05625
6 0.58984375 0.2546875 0.0515625 0.0515625