14 0.659375 0.12890625 0.075 0.08125
14 0.74375 0.49375 0.0625 0.0671875
14 0.65 0.54140625 0.0828125 0.075
14 0.37734375 0.10703125 0.065625 0.0890625
6 0.53359375 0.44765625 0.065625 0.065625
6 0.65703125 0.37109375 0.075 0.0734375
6 0.5171875 0.325 0.0890625 0.0859375
6 0.41640625 0.696875 0.075 0.0734375
6 0.5171875 0.7640625 0.078125 0.0703125
14 0.56796875 0.66171875 0.0703125 0.0703125
4 0.77265625 0.67109375 0.0578125 0.0671875
5 0.684375 0.77421875 0.078125 0.08125
5 0.71640625 0.903125 0.1015625 0.0828125
2 0.571875 0.8984375 0.0734375 0.0828125
2 0.4140625 0.2703125 0.0703125 0.08125
8 0.50546875 0.1984375 0.08125 0.09375
8 0.3 0.6671875 0.0828125 0.1015625
0 0.35234375 0.52109375 0.0625 0.08125
0 0.32109375 0.24765625 0.0625 0.0671875
13 0.30390625 0.38125 0.0859375 0.0828125
13 0.43203125 0.43359375 0.0703125 0.0734375
9 0.4703125 0.56640625 0.0578125 0.0671875
9 0.40234375 0.83671875 0.078125 0.096875
1 0.62265625 0.26640625 0.08125 0.0828125
1 0.19296875 0.746875 0.078125 0.0828125
3 0.28203125 0.89921875 0.078125 0.0859375
3 0.7609375 0.2140625 0.08125 0.0828125
10 0.784375 0.34296875 0.075 0.090625
10 0.165625 0.40234375 0.1015625 0.0890625
11 0.23125 0.50390625 0.075 0.0734375
11 0.25703125 0.175 0.075 0.0828125
12 0.5234375 0.08125 0.08125 0.078125