12 0.69140625 0.4171875 0.0546875 0.0609375
8 0.596875 0.43046875 0.059375 0.059375
8 0.5375 0.78125 0.065625 0.0625
11 0.46015625 0.41015625 0.065625 0.0625
11 0.2953125 0.45546875 0.0671875 0.0609375
13 0.40390625 0.80625 0.0625 0.059375
13 0.61171875 0.6625 0.0640625 0.0625
10 0.65703125 0.3140625 0.0640625 0.059375
10 0.57578125 0.56796875 0.0671875 0.0609375
9 0.23046875 0.5828125 0.0546875 0.0546875
9 0.4484375 0.5140625 0.0625 0.0625
14 0.7765625 0.17734375 0.065625 0.0625
14 0.36640625 0.08125 0.071875 0.0703125
14 0.4609375 0.259375 0.0640625 0.0625
14 0.33828125 0.578125 0.0578125 0.0625
14 0.57421875 0.3328125 0.065625 0.0640625
4 0.2671875 0.83984375 0.0640625 0.065625
0 0.834375 0.41875 0.0640625 0.0625
0 0.52421875 0.89609375 0.065625 0.0640625
3 0.471875 0.61171875 0.059375 0.0625
3 0.7421875 0.65859375 0.0625 0.0578125
5 0.34453125 0.33125 0.0640625 0.059375
5 0.35390625 0.2203125 0.059375 0.0640625
2 0.6671875 0.81640625 0.065625 0.0640625
2 0.62421875 0.20390625 0.0671875 0.065625
1 0.38125 0.696875 0.059375 0.0625
1 0.465625 0.1515625 0.0671875 0.065625
6 0.7765625 0.303125 0.0640625 0.0625
6 0.2328125 0.70625 0.059375 0.059375
6 0.7703125 0.78359375 0.0625 0.0625
6 0.67421875 0.53125 0.065625 0.065625
6 0.8046875 0.54375 0.065625 0.0640625