12 0.6140625 0.58125 0.065625 0.0765625
8 0.746875 0.3265625 0.065625 0.075
8 0.7078125 0.58125 0.06875 0.0734375
11 0.45234375 0.25 0.071875 0.075
11 0.590625 0.3640625 0.0640625 0.065625
13 0.76796875 0.4265625 0.06875 0.071875
13 0.44765625 0.4859375 0.06875 0.0703125
10 0.73046875 0.67421875 0.065625 0.0671875
10 0.78203125 0.52109375 0.0703125 0.06875
9 0.45234375 0.80234375 0.078125 0.071875
9 0.4703125 0.7078125 0.071875 0.08125
14 0.36953125 0.43125 0.071875 0.078125
14 0.3984375 0.340625 0.071875 0.0796875
14 0.49609375 0.3390625 0.0734375 0.0765625
14 0.56484375 0.271875 0.0703125 0.0828125
14 0.296875 0.61484375 0.0765625 0.0796875
4 0.296875 0.49921875 0.0765625 0.0765625
0 0.38046875 0.5546875 0.075 0.0796875
0 0.525 0.43203125 0.0734375 0.0796875
3 0.22578125 0.42265625 0.084375 0.0734375
3 0.54609375 0.64375 0.071875 0.078125
5 0.30078125 0.35625 0.078125 0.084375
5 0.65859375 0.3 0.071875 0.0796875
2 0.68203125 0.39453125 0.0734375 0.0765625
2 0.634375 0.68125 0.071875 0.084375
1 0.56328125 0.7421875 0.0765625 0.078125
1 0.3625 0.7703125 0.084375 0.0796875
6 0.37734375 0.67265625 0.075 0.0796875
6 0.4578125 0.60625 0.065625 0.08125
6 0.528125 0.54375 0.06875 0.075
6 0.60390625 0.484375 0.0703125 0.0703125
6 0.69453125 0.4859375 0.075 0.0796875