13 0.4171875 0.0484375 0.128125 0.096875
13 0.66171875 0.27265625 0.128125 0.128125
8 0.62734375 0.16484375 0.128125 0.128125
8 0.26328125 0.4171875 0.128125 0.128125
0 0.615625 0.79453125 0.128125 0.128125
0 0.33359375 0.509375 0.128125 0.128125
14 0.2484375 0.621875 0.128125 0.128125
14 0.3921875 0.709375 0.128125 0.128125
14 0.0515625 0.4109375 0.103125 0.128125
14 0.61484375 0.6390625 0.128125 0.128125
14 0.40546875 0.13984375 0.128125 0.128125
11 0.25859375 0.26953125 0.128125 0.128125
11 0.275 0.76171875 0.128125 0.128125
1 0.42109375 0.8609375 0.128125 0.128125
1 0.36171875 0.39921875 0.128125 0.128125
6 0.46328125 0.44140625 0.128125 0.128125
6 0.48203125 0.58046875 0.128125 0.128125
6 0.89375 0.6765625 0.128125 0.128125
6 0.846875 0.421875 0.128125 0.128125
2 0.75390625 0.81484375 0.128125 0.128125
2 0.49609375 0.7328125 0.128125 0.128125
9 0.534375 0.91640625 0.128125 0.128125
9 0.76328125 0.678125 0.128125 0.128125
5 0.68984375 0.56875 0.128125 0.128125
5 0.51640625 0.14765625 0.128125 0.128125
3 0.71875 0.36015625 0.128125 0.128125
3 0.509375 0.28671875 0.128125 0.128125
4 0.140625 0.49375 0.128125 0.128125
6 0.14921875 0.3421875 0.128125 0.128125
12 0.36484375 0.28125 0.128125 0.128125
10 0.6109375 0.4359375 0.128125 0.128125
10 0.78828125 0.50546875 0.128125 0.128125