12 0.82109375 0.296875 0.0625 0.0703125
8 0.28359375 0.43359375 0.0703125 0.0609375
8 0.4078125 0.4828125 0.0625 0.0640625
11 0.14375 0.625 0.0703125 0.06875
11 0.415625 0.64921875 0.065625 0.0640625
13 0.81171875 0.59765625 0.0640625 0.0671875
13 0.2328125 0.5296875 0.0671875 0.065625
10 0.36171875 0.790625 0.071875 0.065625
10 0.39765625 0.3828125 0.0671875 0.0671875
9 0.59453125 0.6 0.06875 0.06875
9 0.8703125 0.4265625 0.0625 0.071875
14 0.6046875 0.215625 0.0625 0.0703125
14 0.55625 0.32890625 0.0640625 0.065625
14 0.54296875 0.403125 0.065625 0.0640625
14 0.80078125 0.4953125 0.0640625 0.0734375
14 0.70234375 0.76484375 0.065625 0.0671875
4 0.490625 0.77578125 0.0625 0.065625
0 0.12109375 0.4296875 0.06875 0.0671875
0 0.43671875 0.153125 0.0640625 0.06875
3 0.67734375 0.26328125 0.065625 0.06875
3 0.48359375 0.61640625 0.0625 0.0640625
5 0.7546875 0.68046875 0.0671875 0.0703125
5 0.69921875 0.50625 0.06875 0.0640625
2 0.35 0.5578125 0.06875 0.0625
2 0.33984375 0.253125 0.0671875 0.06875
1 0.60546875 0.80625 0.06875 0.0671875
1 0.53984375 0.51484375 0.059375 0.0640625
6 0.50546875 0.265625 0.0640625 0.0640625
6 0.72109375 0.403125 0.0625 0.0703125
6 0.634375 0.68203125 0.065625 0.071875
6 0.2921875 0.7171875 0.0625 0.0609375
6 0.16328125 0.74765625 0.071875 0.06875