12 0.1984375 0.79140625 0.0625 0.0625
8 0.68515625 0.36171875 0.0625 0.0625
8 0.80859375 0.55859375 0.0671875 0.0609375
11 0.19765625 0.64375 0.065625 0.0671875
11 0.27421875 0.71484375 0.0625 0.065625
13 0.48125 0.48515625 0.0609375 0.0625
13 0.6390625 0.88125 0.0671875 0.0640625
10 0.40859375 0.56796875 0.0625 0.0625
10 0.69296875 0.73203125 0.0640625 0.0625
9 0.296875 0.384375 0.05625 0.0625
9 0.78359375 0.2796875 0.0578125 0.059375
14 0.584375 0.4234375 0.0640625 0.0640625
14 0.296875 0.5703125 0.0578125 0.06875
14 0.603125 0.6546875 0.05625 0.0625
14 0.79453125 0.85546875 0.0734375 0.0640625
14 0.7984375 0.684375 0.065625 0.0625
4 0.50390625 0.83203125 0.065625 0.0671875
0 0.45390625 0.73046875 0.065625 0.0671875
0 0.63515625 0.22265625 0.06875 0.0625
3 0.20546875 0.48359375 0.0625 0.0609375
3 0.80546875 0.425 0.0703125 0.0640625
5 0.70859375 0.60390625 0.05625 0.065625
5 0.3671875 0.4578125 0.0640625 0.0609375
2 0.5609375 0.3203125 0.065625 0.0625
2 0.60625 0.534375 0.065625 0.065625
1 0.46875 0.21328125 0.065625 0.059375
1 0.43828125 0.3765625 0.0609375 0.0640625
6 0.6875 0.46875 0.0671875 0.0609375
6 0.5140625 0.60625 0.0578125 0.0625
6 0.58515625 0.7578125 0.065625 0.0609375
6 0.36171875 0.665625 0.0671875 0.0609375
6 0.3546875 0.78046875 0.065625 0.065625