12 0.1109375 0.65703125 0.0796875 0.0796875
8 0.7234375 0.44140625 0.0796875 0.0796875
8 0.7640625 0.66953125 0.084375 0.08125
11 0.16640625 0.51953125 0.0859375 0.0859375
11 0.21015625 0.61484375 0.08125 0.0828125
13 0.4875 0.47890625 0.0796875 0.0796875
13 0.48671875 0.90546875 0.0859375 0.084375
10 0.38984375 0.52890625 0.0796875 0.0796875
10 0.5921875 0.7875 0.08125 0.08125
9 0.3546875 0.31640625 0.075 0.078125
9 0.8453125 0.40234375 0.075 0.075
14 0.60703125 0.4609375 0.0828125 0.0828125
14 0.28515625 0.4890625 0.078125 0.084375
14 0.5375 0.68203125 0.075 0.078125
14 0.63984375 0.940625 0.090625 0.084375
14 0.7078125 0.7828125 0.0828125 0.08125
4 0.37890625 0.809375 0.0859375 0.0859375
0 0.3703125 0.69609375 0.0859375 0.0859375
0 0.72890625 0.29296875 0.0859375 0.0828125
3 0.2328125 0.37421875 0.0796875 0.0796875
3 0.8109375 0.54453125 0.0875 0.084375
5 0.65390625 0.675 0.0765625 0.08125
5 0.3921875 0.4109375 0.08125 0.0796875
2 0.62421875 0.35625 0.0828125 0.08125
2 0.58515625 0.57109375 0.084375 0.084375
1 0.578125 0.22265625 0.0828125 0.078125
1 0.4890625 0.3625 0.0796875 0.08125
6 0.68515625 0.54140625 0.084375 0.08125
6 0.4734375 0.60390625 0.0765625 0.078125
6 0.48203125 0.77109375 0.0828125 0.0796875
6 0.31015625 0.6015625 0.084375 0.08125
6 0.26015625 0.70546875 0.084375 0.084375