12 0.45859375 0.64921875 0.0640625 0.065625
8 0.29921875 0.40859375 0.0671875 0.0703125
8 0.82421875 0.5625 0.0765625 0.075
11 0.684375 0.2890625 0.0734375 0.075
11 0.40859375 0.84921875 0.065625 0.0671875
13 0.2796875 0.51015625 0.06875 0.071875
13 0.40390625 0.29453125 0.0609375 0.0640625
10 0.58828125 0.259375 0.075 0.078125
10 0.61875 0.490625 0.071875 0.0734375
9 0.9078125 0.49765625 0.071875 0.0734375
9 0.21796875 0.4234375 0.071875 0.071875
14 0.16015625 0.67421875 0.0640625 0.065625
14 0.3 0.8234375 0.06875 0.0703125
14 0.68671875 0.2125 0.0734375 0.0734375
14 0.50390625 0.19921875 0.0703125 0.0734375
14 0.4921875 0.29921875 0.0734375 0.0765625
4 0.63828125 0.7515625 0.0703125 0.0671875
0 0.21484375 0.575 0.0734375 0.0734375
0 0.36953125 0.40234375 0.0671875 0.0671875
3 0.70703125 0.67734375 0.0703125 0.075
3 0.509375 0.4 0.0671875 0.0671875
5 0.31015625 0.31484375 0.0734375 0.078125
5 0.790625 0.3140625 0.065625 0.071875
2 0.6328125 0.6171875 0.0640625 0.065625
2 0.36796875 0.49296875 0.071875 0.071875
1 0.2984375 0.60625 0.071875 0.06875
1 0.153125 0.4875 0.0640625 0.065625
6 0.4015625 0.21328125 0.06875 0.071875
6 0.9015625 0.38046875 0.0640625 0.0703125
6 0.4859375 0.484375 0.0609375 0.0609375
6 0.55234375 0.51796875 0.065625 0.065625
6 0.47578125 0.56484375 0.0640625 0.065625