12 0.3734375 0.346875 0.0546875 0.0546875
8 0.59375 0.7875 0.0546875 0.05625
8 0.6703125 0.5890625 0.059375 0.0578125
11 0.38828125 0.45234375 0.0578125 0.05625
11 0.23046875 0.39140625 0.0625 0.0609375
13 0.53984375 0.871875 0.0578125 0.0609375
13 0.73671875 0.44921875 0.05625 0.059375
10 0.2734375 0.65625 0.0640625 0.0640625
10 0.4421875 0.51796875 0.0578125 0.0625
9 0.23515625 0.28671875 0.065625 0.0609375
9 0.53046875 0.40234375 0.0609375 0.059375
14 0.53515625 0.25703125 0.0578125 0.0609375
14 0.72109375 0.1859375 0.0609375 0.059375
14 0.50625 0.609375 0.059375 0.05625
14 0.76640625 0.5875 0.05625 0.0640625
14 0.74375 0.690625 0.059375 0.0578125
4 0.6578125 0.46796875 0.0578125 0.0578125
0 0.45625 0.33515625 0.059375 0.059375
0 0.31015625 0.4859375 0.0625 0.0609375
3 0.21796875 0.8234375 0.0609375 0.065625
3 0.41875 0.6765625 0.0578125 0.065625
5 0.32421875 0.74296875 0.0609375 0.0609375
5 0.553125 0.51328125 0.0578125 0.0625
2 0.22265625 0.56953125 0.0671875 0.0578125
2 0.37109375 0.5875 0.0625 0.0578125
1 0.6109375 0.6921875 0.059375 0.0578125
1 0.80234375 0.77421875 0.0625 0.0625
6 0.3015625 0.20859375 0.0609375 0.0578125
6 0.434375 0.25078125 0.059375 0.0578125
6 0.38515625 0.84453125 0.0640625 0.0625
6 0.49375 0.75234375 0.059375 0.0640625
6 0.70078125 0.83828125 0.0625 0.0625