7 0.375 0.034375 0.0875 0.06875
7 0.21484375 0.15859375 0.103125 0.1015625
7 0.0125 0.36328125 0.025 0.1046875
7 0.51875 0.040625 0.09375 0.08125
7 0.4390625 0.10234375 0.0953125 0.0953125
7 0.35859375 0.165625 0.0953125 0.0953125
7 0.19765625 0.3015625 0.0953125 0.096875
7 0.12109375 0.37109375 0.1015625 0.103125
7 0.04296875 0.43359375 0.0859375 0.0953125
7 0.6609375 0.04296875 0.0875 0.0859375
7 0.58125 0.11171875 0.0921875 0.0921875
7 0.50078125 0.17734375 0.0859375 0.0859375
7 0.4234375 0.2421875 0.084375 0.084375
7 0.26328125 0.38125 0.0828125 0.0828125
7 0.184375 0.44765625 0.09375 0.0921875
7 0.03359375 0.57890625 0.0671875 0.0921875
7 0.6453125 0.18515625 0.096875 0.096875
7 0.40703125 0.38671875 0.0984375 0.0984375
7 0.32421875 0.4515625 0.084375 0.084375
7 0.24296875 0.5265625 0.1015625 0.1015625
7 0.16484375 0.59140625 0.090625 0.090625
7 0.08828125 0.6515625 0.09375 0.0953125
7 0.7875 0.19609375 0.0796875 0.0796875
7 0.70625 0.2578125 0.084375 0.084375
7 0.62734375 0.3296875 0.08125 0.08125
7 0.5484375 0.39453125 0.0890625 0.0890625
7 0.46796875 0.45859375 0.0875 0.0875
7 0.3828125 0.525 0.0859375 0.0859375
7 0.2296875 0.66015625 0.08125 0.08125
7 0.1484375 0.73125 0.0859375 0.0859375
7 0.85234375 0.27265625 0.08125 0.08125
7 0.7734375 0.340625 0.0796875 0.0796875
7 0.69140625 0.4015625 0.0875 0.0875
7 0.6125 0.475 0.078125 0.078125
7 0.453125 0.6078125 0.0859375 0.0875
7 0.3703125 0.66875 0.0859375 0.0859375
7 0.2984375 0.7421875 0.075 0.075
7 0.2109375 0.80390625 0.0953125 0.0953125
7 0.83515625 0.4125 0.0890625 0.0890625
7 0.75390625 0.4796875 0.0875 0.0875
7 0.6765625 0.54453125 0.0859375 0.0859375
7 0.5171875 0.684375 0.0875 0.0875
7 0.3578125 0.81328125 0.09375 0.0953125
7 0.896875 0.48515625 0.1 0.0984375
7 0.815625 0.54921875 0.0921875 0.09375
7 0.7375 0.6203125 0.0859375 0.0875
7 0.57734375 0.7484375 0.0890625 0.0890625
7 0.41953125 0.8953125 0.0953125 0.096875
7 0.3390625 0.95546875 0.0890625 0.0890625
7 0.9578125 0.55859375 0.084375 0.0921875
7 0.80078125 0.6890625 0.09375 0.09375
7 0.63984375 0.828125 0.0875 0.0875
7 0.56171875 0.89609375 0.090625 0.0921875
7 0.48125 0.9609375 0.0875 0.078125
7 0.8671875 0.76875 0.0921875 0.0921875
7 0.62109375 0.9625 0.0953125 0.075
12 0.78984375 0.84140625 0.1 0.1
8 0.7109375 0.909375 0.10625 0.10625
8 0.73125 0.7671875 0.1 0.1
11 0.6671875 0.6921875 0.1015625 0.1015625
11 0.94921875 0.70859375 0.1015625 0.1046875
13 0.4984375 0.83203125 0.096875 0.0984375
13 0.96953125 0.42265625 0.0609375 0.0984375
10 0.54296875 0.54140625 0.1015625 0.103125
14 0.92421875 0.34375 0.1015625 0.1015625
14 0.603125 0.6140625 0.0984375 0.0984375
14 0.27734375 0.88828125 0.09375 0.09375
4 0.2984375 0.0890625 0.0984375 0.1
0 0.1296875 0.22734375 0.1109375 0.109375
0 0.28203125 0.23828125 0.1 0.1015625
3 0.35078125 0.31875 0.103125 0.103125
3 0.05 0.29453125 0.1 0.1046875
5 0.56640625 0.253125 0.1046875 0.1046875
5 0.4359375 0.7546875 0.103125 0.1046875
2 0.890625 0.62890625 0.1046875 0.1046875
2 0.4875 0.3234375 0.103125 0.1015625
1 0.09765625 0.525 0.103125 0.103125
6 0.3109375 0.60390625 0.109375 0.109375
6 0.72890625 0.11875 0.1109375 0.1109375