5 0.296875 0.67265625 0.125 0.125
5 0.16640625 0.30390625 0.125 0.125
6 0.13125 0.4171875 0.125 0.125
6 0.3140625 0.30546875 0.125 0.125
6 0.56328125 0.72734375 0.125 0.125
6 0.478125 0.9390625 0.125 0.121875
6 0.71015625 0.5890625 0.125 0.125
14 0.553125 0.096875 0.125 0.125
14 0.45078125 0.19453125 0.125 0.125
14 0.42421875 0.47578125 0.125 0.125
14 0.61171875 0.64140625 0.125 0.125
14 0.3625 0.4078125 0.125 0.125
8 0.33828125 0.18203125 0.125 0.125
8 0.86484375 0.62578125 0.125 0.125
0 0.5890625 0.24140625 0.125 0.125
0 0.58984375 0.4796875 0.125 0.125
9 0.4421875 0.321875 0.1109375 0.1140625
9 0.5953125 0.8546875 0.125 0.125
1 0.67421875 0.73828125 0.125 0.125
1 0.4953125 0.5515625 0.125 0.125
13 0.4796875 0.65546875 0.125 0.125
13 0.81875 0.521875 0.125 0.125
11 0.31875 0.5734375 0.125 0.125
11 0.26875 0.46875 0.125 0.125
2 0.18828125 0.6 0.125 0.125
2 0.43984375 0.78203125 0.125 0.125
3 0.3390625 0.77578125 0.125 0.125
3 0.70390625 0.34453125 0.125 0.125
10 0.73515625 0.4609375 0.125 0.125
10 0.79140625 0.740625 0.125 0.125
12 0.56953125 0.37734375 0.125 0.125
4 0.71328125 0.25625 0.1 0.1