2 0.37109375 0.71953125 0.0625 0.065625
2 0.76640625 0.47265625 0.059375 0.0625
3 0.57421875 0.0296875 0.0625 0.059375
3 0.49375 0.96875 0.0671875 0.0578125
6 0.325 0.9859375 0.065625 0.028125
6 0.30546875 0.103125 0.078125 0.065625
6 0.2390625 0.48203125 0.059375 0.059375
6 0.8015625 0.70625 0.0578125 0.059375
6 0.675 0.94140625 0.059375 0.065625
14 0.7625 0.14765625 0.0734375 0.0703125
14 0.63203125 0.41796875 0.0578125 0.0515625
14 0.43359375 0.42265625 0.0625 0.0625
14 0.4984375 0.68125 0.0578125 0.0625
14 0.8109375 0.57578125 0.059375 0.059375
4 0.778125 0.3578125 0.0625 0.0578125
12 0.71796875 0.815625 0.0515625 0.0546875
1 0.66171875 0.64453125 0.0546875 0.0515625
1 0.4671875 0.153125 0.0671875 0.065625
8 0.50625 0.5453125 0.0625 0.0578125
8 0.62109375 0.5390625 0.0578125 0.0546875
5 0.62109375 0.11640625 0.0625 0.065625
5 0.36171875 0.8515625 0.065625 0.0625
0 0.20234375 0.93046875 0.065625 0.0546875
0 0.59140625 0.32109375 0.059375 0.0625
9 0.6921875 0.26484375 0.0625 0.059375
9 0.2140625 0.28359375 0.0671875 0.0703125
11 0.34609375 0.2765625 0.059375 0.0625
11 0.3328125 0.38125 0.0703125 0.0671875
10 0.48046875 0.30703125 0.0578125 0.065625
10 0.33046875 0.5640625 0.059375 0.0625
13 0.20078125 0.66875 0.0671875 0.0671875
13 0.53125 0.7875 0.065625 0.065625