12 0.38671875 0.4484375 0.0859375 0.09375
8 0.4328125 0.7984375 0.08125 0.090625
8 0.425 0.11015625 0.0984375 0.09375
11 0.75078125 0.63515625 0.090625 0.09375
11 0.321875 0.7859375 0.0921875 0.0875
13 0.56328125 0.496875 0.0859375 0.0921875
13 0.7453125 0.46015625 0.0921875 0.09375
10 0.528125 0.29296875 0.0921875 0.090625
10 0.7078125 0.7421875 0.0953125 0.0875
9 0.36171875 0.88671875 0.090625 0.0828125
9 0.29609375 0.25546875 0.0953125 0.09375
14 0.48515625 0.70703125 0.0921875 0.090625
14 0.58515625 0.3921875 0.084375 0.0921875
14 0.53046875 0.82734375 0.0828125 0.0859375
14 0.2828125 0.41875 0.0953125 0.09375
14 0.42421875 0.21953125 0.09375 0.090625
4 0.5328125 0.14609375 0.0984375 0.096875
0 0.8265625 0.7125 0.1015625 0.0953125
0 0.59140625 0.734375 0.0875 0.0796875
3 0.33828125 0.55390625 0.1015625 0.0953125
3 0.41875 0.6265625 0.090625 0.090625
5 0.321875 0.675 0.0953125 0.0953125
5 0.66875 0.53515625 0.09375 0.09375
2 0.5359375 0.61015625 0.0921875 0.096875
2 0.646875 0.83125 0.0921875 0.09375
1 0.64375 0.21953125 0.1015625 0.1
1 0.64296875 0.640625 0.090625 0.0921875
6 0.81640625 0.5453125 0.103125 0.109375
6 0.69296875 0.365625 0.0984375 0.0921875
6 0.3921875 0.325 0.0921875 0.0953125
6 0.47890625 0.39140625 0.08125 0.0859375
6 0.4609375 0.5234375 0.0921875 0.090625