4 0.26328125 0.5640625 0.1109375 0.1171875
0 0.39609375 0.5640625 0.1125 0.1203125
0 0.53984375 0.55859375 0.1265625 0.1234375
3 0.265625 0.2890625 0.109375 0.1046875
3 0.2625 0.4234375 0.1125 0.1140625
5 0.3953125 0.4171875 0.1109375 0.115625
5 0.39609375 0.2734375 0.1125 0.109375
2 0.690625 0.23515625 0.1328125 0.1171875
2 0.696875 0.39375 0.1328125 0.134375
1 0.53671875 0.25703125 0.115625 0.121875
1 0.53984375 0.40703125 0.1265625 0.1203125
6 0.70390625 0.553125 0.134375 0.1359375
6 0.71484375 0.71953125 0.1453125 0.1390625
6 0.546875 0.71484375 0.1421875 0.1328125
6 0.3953125 0.7140625 0.1203125 0.1203125
6 0.259375 0.70859375 0.1125 0.121875