4 0.2578125 0.5390625 0.121875 0.128125
0 0.38984375 0.553125 0.125 0.13125
0 0.53359375 0.5625 0.1390625 0.1359375
3 0.2890625 0.265625 0.1203125 0.115625
3 0.271875 0.39921875 0.1234375 0.125
5 0.4046875 0.40703125 0.121875 0.1265625
5 0.4203125 0.2640625 0.1234375 0.1203125
2 0.7171875 0.25625 0.14375 0.1296875
2 0.70703125 0.41484375 0.146875 0.146875
1 0.56171875 0.2625 0.128125 0.1328125
1 0.54921875 0.41171875 0.1390625 0.1328125
6 0.696875 0.57421875 0.1484375 0.15
6 0.690625 0.740625 0.159375 0.153125
6 0.52421875 0.71875 0.1546875 0.146875
6 0.3734375 0.7015625 0.1328125 0.1328125
6 0.2390625 0.68203125 0.125 0.1328125