12 0.571875 0.7125 0.065625 0.0703125
8 0.66328125 0.59375 0.06875 0.0734375
8 0.1921875 0.42734375 0.06875 0.0671875
11 0.45078125 0.553125 0.0640625 0.06875
11 0.5828125 0.334375 0.065625 0.065625
13 0.45703125 0.7 0.0640625 0.065625
13 0.4890625 0.22109375 0.071875 0.0703125
10 0.81640625 0.6671875 0.071875 0.0703125
10 0.64453125 0.525 0.06875 0.071875
9 0.35390625 0.19921875 0.071875 0.0734375
9 0.58046875 0.1140625 0.0625 0.065625
14 0.53984375 0.4640625 0.06875 0.065625
14 0.49921875 0.36875 0.0640625 0.0671875
14 0.3359375 0.38671875 0.071875 0.0734375
14 0.2515625 0.30390625 0.075 0.0734375
14 0.4609375 0.10703125 0.075 0.071875
4 0.8 0.51171875 0.065625 0.065625
0 0.64765625 0.4234375 0.06875 0.071875
0 0.5359375 0.55078125 0.0671875 0.0703125
3 0.37578125 0.55859375 0.0609375 0.0625
3 0.6734375 0.69765625 0.0640625 0.065625
5 0.33515625 0.68515625 0.078125 0.0765625
5 0.71171875 0.55625 0.06875 0.075
2 0.7578125 0.78359375 0.071875 0.071875
2 0.6953125 0.3734375 0.08125 0.078125
1 0.4375 0.40234375 0.0734375 0.071875
1 0.8875 0.75 0.071875 0.0734375
6 0.38828125 0.85 0.0796875 0.075
6 0.5453125 0.784375 0.0734375 0.071875
6 0.26953125 0.54921875 0.0671875 0.0703125
6 0.371875 0.4703125 0.071875 0.06875
6 0.70546875 0.18203125 0.065625 0.0703125