5 0.1796875 0.17421875 0.128125 0.128125
5 0.43359375 0.45390625 0.128125 0.128125
1 0.4109375 0.02734375 0.128125 0.0546875
1 0.6703125 0.24765625 0.128125 0.128125
9 0.7375 0.34921875 0.128125 0.128125
9 0.9125 0.70078125 0.128125 0.128125
10 0.83515625 0.78671875 0.128125 0.128125
10 0.30390625 0.70703125 0.128125 0.128125
11 0.27265625 0.596875 0.128125 0.128125
11 0.9671875 0.6140625 0.065625 0.128125
13 0.14765625 0.4609375 0.128125 0.128125
13 0.28125 0.43359375 0.128125 0.128125
14 0.31953125 0.15078125 0.128125 0.128125
14 0.5546875 0.16171875 0.128125 0.128125
14 0.44296875 0.16328125 0.128125 0.128125
14 0.57890625 0.83125 0.128125 0.128125
14 0.4 0.7578125 0.128125 0.128125
6 0.3609375 0.2921875 0.128125 0.128125
6 0.61875 0.4484375 0.128125 0.128125
6 0.78515625 0.4609375 0.128125 0.128125
6 0.7 0.73984375 0.128125 0.128125
6 0.51953125 0.70390625 0.128125 0.128125
2 0.71640625 0.5875 0.128125 0.128125
2 0.5875 0.62890625 0.128125 0.128125
0 0.1609375 0.3140625 0.128125 0.128125
0 0.78125 0.68203125 0.128125 0.128125
8 0.54375 0.30703125 0.128125 0.128125
8 0.88359375 0.54921875 0.128125 0.128125
3 0.76328125 0.8890625 0.1109375 0.10625
3 0.05546875 0.29375 0.1109375 0.128125
4 0.590625 0.95 0.128125 0.1
12 0.4 0.56640625 0.128125 0.128125