7 0.89453125 0.0375 0.0625 0.065625
7 0.78984375 0.0421875 0.0671875 0.0671875
7 0.68046875 0.046875 0.059375 0.065625
7 0.159375 0.075 0.0671875 0.0703125
7 0.0609375 0.0796875 0.065625 0.075
7 0.89609375 0.13203125 0.06875 0.0734375
7 0.796875 0.1359375 0.071875 0.071875
7 0.68828125 0.14609375 0.08125 0.071875
7 0.5875 0.14921875 0.0671875 0.075
7 0.378125 0.16015625 0.0703125 0.071875
7 0.271875 0.1640625 0.0734375 0.071875
7 0.16484375 0.1703125 0.06875 0.0703125
7 0.06328125 0.17578125 0.0734375 0.0734375
7 0.90390625 0.22734375 0.06875 0.0671875
7 0.59296875 0.24609375 0.071875 0.075
7 0.38046875 0.2640625 0.0609375 0.0546875
7 0.2734375 0.26640625 0.065625 0.06875
7 0.0703125 0.27265625 0.0640625 0.0765625
7 0.80625 0.33984375 0.071875 0.075
7 0.5984375 0.346875 0.065625 0.0703125
7 0.48984375 0.35546875 0.0671875 0.0671875
7 0.38828125 0.35859375 0.0609375 0.06875
7 0.2828125 0.36328125 0.071875 0.0703125
7 0.17578125 0.37109375 0.06875 0.0671875
7 0.07578125 0.37578125 0.06875 0.0796875
7 0.91953125 0.42890625 0.0671875 0.065625
7 0.8109375 0.43203125 0.0625 0.0609375
7 0.70703125 0.4375 0.0609375 0.0640625
7 0.60625 0.44296875 0.078125 0.0640625
7 0.4984375 0.44765625 0.078125 0.065625
7 0.39140625 0.45078125 0.071875 0.0671875
7 0.0796875 0.4703125 0.0625 0.0734375
7 0.9203125 0.53046875 0.0625 0.0625
7 0.81796875 0.53671875 0.0515625 0.0609375
7 0.71171875 0.53671875 0.059375 0.065625
7 0.6078125 0.546875 0.053125 0.059375
7 0.4 0.55546875 0.0625 0.0609375
7 0.29375 0.56171875 0.0515625 0.0546875
7 0.08515625 0.57109375 0.0625 0.0625
7 0.82265625 0.63125 0.059375 0.0609375
7 0.71640625 0.63671875 0.0640625 0.0671875
7 0.61328125 0.64296875 0.0578125 0.059375
7 0.40078125 0.65625 0.053125 0.0609375
7 0.1921875 0.6671875 0.0671875 0.0609375
7 0.8265625 0.72890625 0.0625 0.065625
7 0.721875 0.734375 0.0625 0.065625
7 0.61875 0.7359375 0.059375 0.0625
7 0.40859375 0.75390625 0.065625 0.071875
7 0.19921875 0.7640625 0.0625 0.0734375
7 0.09609375 0.76875 0.0609375 0.06875
7 0.93515625 0.821875 0.0515625 0.0625
7 0.83203125 0.82578125 0.0609375 0.0625
7 0.72734375 0.8296875 0.0625 0.065625
7 0.41328125 0.84609375 0.06875 0.06875
7 0.3078125 0.85625 0.059375 0.0671875
7 0.203125 0.8625 0.065625 0.0625
7 0.0984375 0.865625 0.059375 0.0703125
7 0.94375 0.9203125 0.053125 0.0625
7 0.628125 0.9359375 0.0609375 0.0640625
7 0.31484375 0.9515625 0.0640625 0.06875
7 0.21171875 0.9578125 0.06875 0.0671875
7 0.10703125 0.96328125 0.059375 0.0703125
12 0.52578125 0.9484375 0.0671875 0.078125
8 0.42109375 0.95625 0.0671875 0.0734375
8 0.51640625 0.85390625 0.0671875 0.0734375
11 0.5203125 0.759375 0.0640625 0.071875
11 0.734375 0.93515625 0.065625 0.0734375
13 0.30390625 0.7640625 0.075 0.071875
13 0.9359375 0.73125 0.075 0.0734375
10 0.50390625 0.559375 0.0734375 0.0734375
10 0.8515625 0.93046875 0.0703125 0.0765625
9 0.1875 0.5828125 0.0703125 0.0765625
9 0.79765625 0.234375 0.0703125 0.078125
14 0.93359375 0.63046875 0.0765625 0.0703125
14 0.50703125 0.646875 0.0734375 0.06875
14 0.2953125 0.6609375 0.08125 0.0765625
14 0.084375 0.67890625 0.0796875 0.078125
4 0.47421875 0.05390625 0.0796875 0.0796875
0 0.48515625 0.16015625 0.078125 0.075
0 0.36796875 0.0546875 0.078125 0.0828125
3 0.48828125 0.26328125 0.0828125 0.0796875
3 0.26171875 0.05859375 0.075 0.0828125
5 0.175 0.47109375 0.0703125 0.075
5 0.6921875 0.35 0.0828125 0.08125
2 0.61796875 0.84453125 0.075 0.075
2 0.57421875 0.0484375 0.0765625 0.0796875
1 0.16484375 0.271875 0.078125 0.08125
1 0.696875 0.2453125 0.084375 0.0859375
6 0.2859375 0.47109375 0.08125 0.078125
6 0.91015625 0.33046875 0.0859375 0.08125