12 0.35390625 0.11328125 0.134375 0.1328125
8 0.1796875 0.5015625 0.1203125 0.1203125
8 0.37578125 0.7515625 0.11875 0.11875
11 0.896875 0.46015625 0.1265625 0.125
11 0.7515625 0.625 0.1203125 0.1203125
13 0.2125 0.66640625 0.1171875 0.1171875
13 0.7578125 0.4421875 0.1265625 0.125
10 0.36328125 0.36953125 0.1203125 0.1203125
10 0.30703125 0.6640625 0.121875 0.121875
9 0.62578125 0.3015625 0.125 0.125
9 0.2734375 0.540625 0.1203125 0.11875
14 0.6734375 0.825 0.1234375 0.121875
14 0.60390625 0.47578125 0.1140625 0.115625
14 0.428125 0.6625 0.121875 0.121875
14 0.61796875 0.7453125 0.1171875 0.11875
14 0.71796875 0.5328125 0.115625 0.115625
4 0.1109375 0.4328125 0.13125 0.13125
0 0.66328125 0.66328125 0.115625 0.115625
0 0.38125 0.56328125 0.1078125 0.1078125
3 0.1171875 0.6703125 0.115625 0.115625
3 0.521875 0.18359375 0.121875 0.121875
5 0.50078125 0.84609375 0.115625 0.115625
5 0.68125 0.384375 0.1234375 0.121875
2 0.8453125 0.59375 0.11875 0.1171875
2 0.42734375 0.203125 0.13125 0.1296875
1 0.5109375 0.56171875 0.1203125 0.1203125
1 0.5609375 0.646875 0.1203125 0.1203125
6 0.496875 0.73203125 0.1234375 0.1234375
6 0.23359375 0.35859375 0.128125 0.128125
6 0.346875 0.47109375 0.1203125 0.1203125
6 0.528125 0.328125 0.1234375 0.1234375
6 0.6296875 0.571875 0.1125 0.1125