12 0.859375 0.29453125 0.084375 0.0828125
8 0.6 0.5515625 0.078125 0.0765625
8 0.6859375 0.8015625 0.0796875 0.0765625
11 0.41796875 0.55 0.075 0.078125
11 0.30078125 0.3015625 0.08125 0.08125
13 0.3078125 0.640625 0.0890625 0.0890625
13 0.6484375 0.29140625 0.08125 0.078125
10 0.52109375 0.61484375 0.078125 0.078125
10 0.14609375 0.43984375 0.078125 0.078125
9 0.41875 0.38828125 0.078125 0.0796875
9 0.87109375 0.5921875 0.0796875 0.078125
14 0.69453125 0.18984375 0.0796875 0.0796875
14 0.42109375 0.16328125 0.0765625 0.078125
14 0.66328125 0.44765625 0.08125 0.078125
14 0.51875 0.728125 0.08125 0.078125
14 0.74609375 0.5609375 0.0796875 0.0796875
4 0.18359375 0.2921875 0.0765625 0.0859375
0 0.62578125 0.7046875 0.08125 0.0859375
0 0.81875 0.69140625 0.0796875 0.0734375
3 0.8953125 0.4703125 0.084375 0.0828125
3 0.290625 0.4109375 0.0765625 0.071875
5 0.5671875 0.234375 0.0734375 0.078125
5 0.5125 0.3125 0.0734375 0.08125
2 0.5171875 0.46484375 0.0765625 0.078125
2 0.43046875 0.659375 0.075 0.078125
1 0.2796875 0.18671875 0.075 0.078125
1 0.63046875 0.3671875 0.0734375 0.075
6 0.384375 0.2515625 0.071875 0.0734375
6 0.2796875 0.53828125 0.075 0.078125
6 0.18359375 0.65234375 0.0765625 0.084375
6 0.76484375 0.47109375 0.0734375 0.075
6 0.6953125 0.6453125 0.078125 0.0765625