7 0.08359375 0.153125 0.06875 0.0578125
7 0.1859375 0.153125 0.059375 0.0578125
7 0.2921875 0.1546875 0.05625 0.0609375
7 0.3953125 0.153125 0.06875 0.0640625
7 0.5 0.15390625 0.071875 0.0625
7 0.6046875 0.1546875 0.059375 0.0640625
7 0.709375 0.15625 0.071875 0.0609375
7 0.8171875 0.15546875 0.078125 0.065625
7 0.9140625 0.15625 0.0734375 0.0671875
7 0.08359375 0.25390625 0.071875 0.0578125
7 0.29140625 0.2515625 0.0609375 0.0625
7 0.3984375 0.25078125 0.065625 0.0640625
7 0.5015625 0.25390625 0.075 0.0609375
7 0.60390625 0.25390625 0.0609375 0.0578125
7 0.71328125 0.253125 0.0734375 0.065625
7 0.9171875 0.253125 0.0671875 0.06875
7 0.18671875 0.353125 0.0703125 0.065625
7 0.39453125 0.35234375 0.0734375 0.0703125
7 0.60390625 0.3515625 0.0703125 0.06875
7 0.81640625 0.353125 0.0765625 0.065625
7 0.0828125 0.4484375 0.0640625 0.0578125
7 0.1859375 0.4453125 0.071875 0.0609375
7 0.29140625 0.44765625 0.0609375 0.059375
7 0.3953125 0.44453125 0.071875 0.0625
7 0.5 0.44765625 0.071875 0.059375
7 0.60625 0.44609375 0.065625 0.05625
7 0.7078125 0.45 0.06875 0.0609375
7 0.81640625 0.4421875 0.0703125 0.0609375
7 0.9171875 0.446875 0.0609375 0.0578125
7 0.08203125 0.5546875 0.059375 0.0578125
7 0.1859375 0.55703125 0.059375 0.05625
7 0.29140625 0.55234375 0.0640625 0.059375
7 0.3984375 0.55234375 0.05625 0.0515625
7 0.5 0.5484375 0.05625 0.0546875
7 0.60546875 0.546875 0.0609375 0.0609375
7 0.71171875 0.54765625 0.0640625 0.059375
7 0.81328125 0.5515625 0.0609375 0.0546875
7 0.915625 0.54609375 0.0609375 0.0625
7 0.18359375 0.6421875 0.0640625 0.05625
7 0.3921875 0.64140625 0.059375 0.0640625
7 0.60390625 0.646875 0.0609375 0.065625
7 0.81328125 0.6484375 0.0703125 0.0625
7 0.08671875 0.746875 0.0625 0.05625
7 0.2890625 0.7421875 0.075 0.065625
7 0.390625 0.73828125 0.06875 0.065625
7 0.49609375 0.73984375 0.0765625 0.059375
7 0.60390625 0.73984375 0.0703125 0.0625
7 0.7109375 0.74609375 0.0625 0.0671875
7 0.91171875 0.7453125 0.06875 0.065625
7 0.0828125 0.83984375 0.0609375 0.059375
7 0.1828125 0.84140625 0.065625 0.0515625
7 0.28671875 0.84375 0.0703125 0.0578125
7 0.39453125 0.8421875 0.0703125 0.0671875
7 0.49921875 0.84140625 0.0671875 0.059375
7 0.60625 0.83984375 0.0625 0.06875
7 0.70625 0.84453125 0.065625 0.0625
7 0.8140625 0.84765625 0.071875 0.05625
7 0.9171875 0.84609375 0.0578125 0.0625
12 0.50546875 0.94765625 0.0703125 0.078125
8 0.60546875 0.95078125 0.0703125 0.071875
8 0.3984375 0.946875 0.078125 0.0765625
11 0.7125 0.9484375 0.078125 0.0765625
11 0.290625 0.94921875 0.071875 0.08125
13 0.18515625 0.94921875 0.0734375 0.071875
13 0.8234375 0.95078125 0.071875 0.071875
10 0.928125 0.95078125 0.065625 0.071875
10 0.07578125 0.94765625 0.0828125 0.075
9 0.18046875 0.74921875 0.0765625 0.0796875
9 0.81875 0.74765625 0.078125 0.0734375
14 0.07734375 0.65390625 0.0796875 0.078125
14 0.28515625 0.64609375 0.0765625 0.0796875
14 0.5015625 0.6484375 0.08125 0.071875
14 0.7140625 0.64765625 0.071875 0.0765625
14 0.92734375 0.6484375 0.0734375 0.071875
4 0.5 0.05390625 0.075 0.078125
0 0.396875 0.0515625 0.075 0.0765625
0 0.6109375 0.05234375 0.071875 0.078125
3 0.7125 0.05 0.078125 0.0734375
3 0.2890625 0.0546875 0.075 0.0796875
5 0.1828125 0.05625 0.078125 0.0765625
5 0.82265625 0.046875 0.0796875 0.0796875
2 0.92578125 0.053125 0.0734375 0.0796875
2 0.0734375 0.053125 0.08125 0.0796875
1 0.18359375 0.2546875 0.0734375 0.078125
1 0.82109375 0.2546875 0.0765625 0.078125
6 0.07734375 0.35703125 0.0796875 0.0734375
6 0.2890625 0.3546875 0.078125 0.078125
6 0.5015625 0.35234375 0.08125 0.0796875
6 0.7171875 0.35859375 0.08125 0.0796875
6 0.92578125 0.3546875 0.0796875 0.078125