12 0.3875 0.409375 0.08125 0.08125
8 0.55078125 0.8375 0.0890625 0.090625
8 0.65234375 0.35859375 0.08125 0.08125
11 0.703125 0.5796875 0.0890625 0.0890625
11 0.446875 0.4421875 0.084375 0.084375
13 0.31171875 0.48515625 0.078125 0.078125
13 0.33046875 0.5734375 0.078125 0.0796875
10 0.3953125 0.5578125 0.0796875 0.0796875
10 0.628125 0.45859375 0.0875 0.0875
9 0.40078125 0.31328125 0.0875 0.0859375
9 0.384375 0.47421875 0.078125 0.078125
14 0.26484375 0.53203125 0.0796875 0.0796875
14 0.575 0.66796875 0.084375 0.0828125
14 0.4796875 0.79375 0.0859375 0.084375
14 0.53984375 0.28359375 0.084375 0.084375
14 0.4515625 0.365625 0.0859375 0.0859375
4 0.5609375 0.21875 0.090625 0.09375
0 0.815625 0.24921875 0.09375 0.0953125
0 0.26875 0.68671875 0.0875 0.0890625
3 0.6 0.54375 0.0859375 0.084375
3 0.659375 0.678125 0.0875 0.0859375
5 0.4578125 0.67734375 0.0890625 0.0875
5 0.6578125 0.23984375 0.090625 0.090625
2 0.69609375 0.40390625 0.0890625 0.0890625
2 0.4453125 0.5140625 0.0890625 0.0890625
1 0.44140625 0.84921875 0.0921875 0.09375
1 0.74453125 0.44921875 0.09375 0.09375
6 0.12734375 0.7046875 0.0890625 0.0875
6 0.74453125 0.33828125 0.0984375 0.096875
6 0.48125 0.3109375 0.0890625 0.0875
6 0.51484375 0.64140625 0.0828125 0.08125
6 0.3828125 0.61796875 0.084375 0.084375