7 0.0078125 0.19453125 0.015625 0.0765625
7 0.07578125 0.1609375 0.0640625 0.0734375
7 0.1765625 0.13046875 0.0609375 0.071875
7 0.378125 0.071875 0.0765625 0.08125
7 0.4765625 0.04375 0.0765625 0.0765625
7 0.678125 0.01484375 0.078125 0.0296875
7 0.0203125 0.28203125 0.040625 0.0671875
7 0.1078125 0.2546875 0.0625 0.0625
7 0.203125 0.22734375 0.0734375 0.078125
7 0.303125 0.196875 0.06875 0.0734375
7 0.50390625 0.13828125 0.065625 0.075
7 0.6125 0.1125 0.075 0.0734375
7 0.70703125 0.08125 0.0734375 0.075
7 0.8046875 0.05390625 0.0765625 0.0796875
7 0.03125 0.375 0.0625 0.071875
7 0.13046875 0.35 0.0875 0.08125
7 0.23515625 0.3234375 0.0703125 0.0703125
7 0.33359375 0.29296875 0.0703125 0.0703125
7 0.53203125 0.2328125 0.0734375 0.071875
7 0.6328125 0.20546875 0.06875 0.071875
7 0.734375 0.17578125 0.08125 0.078125
7 0.83203125 0.14765625 0.0703125 0.0703125
7 0.15703125 0.4453125 0.0765625 0.0765625
7 0.25625 0.4171875 0.0828125 0.08125
7 0.35625 0.3859375 0.065625 0.071875
7 0.459375 0.36171875 0.075 0.0734375
7 0.6609375 0.2953125 0.084375 0.0828125
7 0.7609375 0.27421875 0.0765625 0.0765625
7 0.859375 0.246875 0.06875 0.0734375
7 0.0859375 0.5671875 0.0703125 0.071875
7 0.184375 0.5375 0.0859375 0.0796875
7 0.290625 0.50625 0.075 0.071875
7 0.38828125 0.47890625 0.075 0.0765625
7 0.48359375 0.4546875 0.078125 0.071875
7 0.58671875 0.42265625 0.071875 0.0703125
7 0.784375 0.36328125 0.08125 0.0765625
7 0.88671875 0.334375 0.071875 0.0734375
7 0.1109375 0.66953125 0.0703125 0.0703125
7 0.21796875 0.640625 0.0625 0.0609375
7 0.3140625 0.60859375 0.071875 0.071875
7 0.41875 0.5765625 0.0609375 0.06875
7 0.515625 0.5484375 0.0765625 0.0765625
7 0.61484375 0.52109375 0.0734375 0.0734375
7 0.7140625 0.4890625 0.071875 0.075
7 0.8171875 0.4640625 0.06875 0.0640625
7 0.9125 0.4328125 0.075 0.0765625
7 0.2375 0.725 0.0734375 0.0734375
7 0.3453125 0.6953125 0.0796875 0.075
7 0.43671875 0.66875 0.0859375 0.08125
7 0.64140625 0.61484375 0.0734375 0.071875
7 0.74296875 0.58671875 0.071875 0.065625
7 0.83671875 0.553125 0.075 0.0734375
7 0.16640625 0.85078125 0.0671875 0.0640625
7 0.265625 0.82109375 0.0765625 0.0765625
7 0.46484375 0.76015625 0.075 0.075
7 0.665625 0.70625 0.065625 0.0734375
7 0.77109375 0.6796875 0.0734375 0.075
7 0.8703125 0.65078125 0.075 0.0765625
7 0.965625 0.621875 0.06875 0.078125
7 0.19296875 0.94375 0.0734375 0.078125
7 0.29140625 0.91171875 0.075 0.0796875
7 0.39453125 0.88359375 0.065625 0.0734375
7 0.59140625 0.8296875 0.084375 0.08125
7 0.8953125 0.746875 0.0828125 0.0765625
7 0.9765625 0.71640625 0.046875 0.0796875
7 0.51953125 0.95546875 0.078125 0.078125
7 0.825 0.8734375 0.084375 0.0828125
7 0.92421875 0.840625 0.0890625 0.0890625
7 0.99296875 0.8109375 0.0140625 0.078125
12 0.56875 0.74375 0.0859375 0.090625
8 0.72578125 0.90859375 0.090625 0.09375
11 0.42109375 0.9734375 0.0890625 0.053125
13 0.696875 0.80546875 0.0875 0.0921875
10 0.3078125 0.9875 0.0875 0.025
10 0.56875 0.334375 0.0875 0.0921875
14 0.13359375 0.76484375 0.0890625 0.0890625
14 0.5390625 0.65 0.0890625 0.09375
14 0.94609375 0.53203125 0.0890625 0.0890625
13 0.49609375 0.8625 0.0890625 0.0859375
4 0.27421875 0.10234375 0.0921875 0.0953125
0 0.40703125 0.171875 0.0875 0.0890625
3 0.58125 0.0265625 0.0875 0.053125
3 0.434375 0.27109375 0.090625 0.0953125
5 0.3640625 0.80078125 0.0859375 0.09375
5 0.803125 0.7796875 0.0921875 0.090625
2 0.62578125 0.940625 0.0890625 0.0859375
6 0.69375 0.403125 0.0859375 0.0921875
6 0.059375 0.47421875 0.096875 0.0953125