12 0.1578125 0.65703125 0.046875 0.053125
8 0.52265625 0.66640625 0.05 0.0515625
8 0.5640625 0.4015625 0.046875 0.04375
11 0.2203125 0.478125 0.05 0.053125
11 0.48828125 0.25 0.046875 0.0515625
13 0.74765625 0.40078125 0.046875 0.0546875
13 0.85234375 0.66640625 0.0484375 0.0578125
10 0.6375 0.515625 0.0484375 0.05
10 0.56484375 0.23828125 0.05 0.059375
9 0.11640625 0.49609375 0.0453125 0.053125
9 0.65859375 0.740625 0.053125 0.053125
14 0.13046875 0.57734375 0.0453125 0.053125
14 0.42890625 0.54765625 0.05 0.05
14 0.67734375 0.5953125 0.0484375 0.0546875
14 0.61484375 0.334375 0.0453125 0.0484375
14 0.69375 0.4703125 0.046875 0.0515625
4 0.346875 0.37109375 0.0484375 0.059375
0 0.2625 0.7515625 0.0515625 0.05
0 0.89765625 0.58359375 0.0546875 0.0546875
3 0.41640625 0.4046875 0.0484375 0.053125
3 0.7328125 0.31796875 0.059375 0.0578125
5 0.23359375 0.57109375 0.0484375 0.0484375
5 0.49453125 0.3625 0.05 0.0484375
2 0.34765625 0.60078125 0.053125 0.059375
2 0.35703125 0.69375 0.05 0.0578125
1 0.440625 0.62734375 0.05 0.0515625
1 0.60703125 0.665625 0.053125 0.053125
6 0.41328125 0.30859375 0.0484375 0.05
6 0.33125 0.4796875 0.046875 0.05
6 0.40625 0.48828125 0.0453125 0.0515625
6 0.53671875 0.55 0.0484375 0.0484375
6 0.42265625 0.74375 0.0578125 0.0578125