1 0.46796875 0.1140625 0.115625 0.115625
1 0.72890625 0.3734375 0.115625 0.115625
14 0.659375 0.45625 0.115625 0.115625
14 0.56796875 0.50625 0.115625 0.115625
14 0.79453125 0.51953125 0.115625 0.115625
14 0.19296875 0.3140625 0.115625 0.115625
14 0.378125 0.31171875 0.115625 0.115625
5 0.4640625 0.2640625 0.115625 0.115625
5 0.71484375 0.63515625 0.115625 0.115625
11 0.6453125 0.56796875 0.115625 0.115625
11 0.61875 0.69921875 0.115625 0.115625
3 0.71796875 0.734375 0.115625 0.115625
3 0.29375 0.4578125 0.115625 0.115625
6 0.30703125 0.7265625 0.115625 0.115625
6 0.39921875 0.60546875 0.115625 0.115625
6 0.49453125 0.8859375 0.115625 0.115625
6 0.56171875 0.12578125 0.115625 0.115625
0 0.77734375 0.815625 0.115625 0.115625
0 0.4890625 0.5640625 0.115625 0.115625
12 0.45 0.4203125 0.115625 0.115625
6 0.5453125 0.4078125 0.115625 0.115625
2 0.5984375 0.2796875 0.115625 0.115625
2 0.84765625 0.67421875 0.115625 0.115625
10 0.61953125 0.8765625 0.115625 0.115625
10 0.3421875 0.1765625 0.115625 0.115625
13 0.253125 0.225 0.115625 0.115625
13 0.69609375 0.23046875 0.115625 0.115625
9 0.27109375 0.571875 0.115625 0.115625
9 0.465625 0.69375 0.115625 0.115625
4 0.44375 0.82734375 0.115625 0.115625
7 0.203125 0.40703125 0.0953125 0.1