12 0.55625 0.34375 0.0734375 0.0765625
8 0.796875 0.43125 0.0734375 0.078125
8 0.71640625 0.39375 0.0734375 0.08125
11 0.4796875 0.66015625 0.0734375 0.075
11 0.49609375 0.39375 0.0640625 0.059375
13 0.70078125 0.64140625 0.06875 0.0671875
13 0.5 0.48046875 0.06875 0.06875
10 0.35078125 0.29765625 0.0765625 0.071875
10 0.56875 0.52109375 0.065625 0.0625
9 0.6328125 0.38203125 0.0671875 0.065625
9 0.46796875 0.56328125 0.0609375 0.0671875
14 0.57265625 0.25625 0.0671875 0.075
14 0.3296875 0.38125 0.071875 0.0734375
14 0.38828125 0.5828125 0.0703125 0.0671875
14 0.5453125 0.60546875 0.0609375 0.0671875
14 0.54375 0.7109375 0.0625 0.065625
4 0.2578125 0.43125 0.065625 0.071875
0 0.4546875 0.78046875 0.0671875 0.0640625
0 0.3171875 0.6328125 0.065625 0.0671875
3 0.39296875 0.6703125 0.0671875 0.065625
3 0.64140625 0.48046875 0.0671875 0.0625
5 0.73671875 0.5609375 0.065625 0.0640625
5 0.57265625 0.43828125 0.0609375 0.065625
2 0.33203125 0.4703125 0.071875 0.06875
2 0.6109375 0.653125 0.06875 0.0640625
1 0.42890625 0.33125 0.0703125 0.0609375
1 0.6734375 0.3046875 0.071875 0.0703125
6 0.41640625 0.5 0.06875 0.06875
6 0.41328125 0.415625 0.06875 0.0671875
6 0.73046875 0.4796875 0.071875 0.0703125
6 0.64453125 0.565625 0.0703125 0.071875
6 0.48515625 0.265625 0.075 0.0765625