12 0.5359375 0.50625 0.090625 0.0921875
8 0.48515625 0.41875 0.0890625 0.0921875
8 0.35390625 0.3046875 0.0875 0.0890625
11 0.728125 0.56953125 0.0953125 0.0921875
11 0.54765625 0.59296875 0.0890625 0.0921875
13 0.25390625 0.4453125 0.0890625 0.0875
13 0.3625 0.51640625 0.0859375 0.0921875
10 0.5765625 0.42421875 0.0921875 0.0953125
10 0.46171875 0.58203125 0.0875 0.0859375
9 0.24453125 0.2921875 0.084375 0.0875
9 0.3671875 0.69765625 0.0875 0.084375
14 0.60703125 0.20546875 0.090625 0.090625
14 0.52421875 0.24296875 0.0859375 0.0859375
14 0.39765625 0.2046875 0.0875 0.09375
14 0.29453125 0.36796875 0.0859375 0.084375
14 0.34765625 0.43203125 0.084375 0.084375
4 0.53359375 0.15390625 0.0921875 0.0890625
0 0.475 0.759375 0.096875 0.09375
0 0.5984375 0.2921875 0.0921875 0.09375
3 0.45390625 0.2921875 0.090625 0.09375
3 0.41328125 0.371875 0.0953125 0.0953125
5 0.27890625 0.54140625 0.096875 0.09375
5 0.68203125 0.2578125 0.1015625 0.1
2 0.6328125 0.48671875 0.1015625 0.096875
2 0.63203125 0.575 0.1 0.0953125
1 0.378125 0.60625 0.0953125 0.0921875
1 0.525 0.34140625 0.096875 0.0953125
6 0.671875 0.34453125 0.0984375 0.0984375
6 0.31484375 0.22734375 0.09375 0.090625
6 0.45390625 0.5 0.0890625 0.0890625
6 0.5390625 0.68125 0.0953125 0.09375
6 0.4578125 0.67265625 0.09375 0.0921875