7 0.98828125 0.4578125 0.0234375 0.090625
7 0.95234375 0.39609375 0.0953125 0.0953125
7 0.54375 0.03359375 0.0875 0.0671875
7 0.96015625 0.52109375 0.0796875 0.0921875
7 0.896875 0.4546875 0.0890625 0.0890625
7 0.83046875 0.3953125 0.096875 0.096875
7 0.76015625 0.3359375 0.0859375 0.0859375
7 0.6234375 0.21015625 0.0765625 0.0765625
7 0.4890625 0.0859375 0.0859375 0.084375
7 0.42265625 0.03125 0.0765625 0.0625
7 0.909375 0.5828125 0.0734375 0.0734375
7 0.76640625 0.45625 0.0828125 0.0828125
7 0.70234375 0.396875 0.0796875 0.0796875
7 0.56171875 0.27578125 0.0734375 0.0734375
7 0.4265625 0.1453125 0.078125 0.078125
7 0.36328125 0.0890625 0.0828125 0.0828125
7 0.778125 0.58671875 0.0796875 0.0796875
7 0.64453125 0.46171875 0.078125 0.078125
7 0.4359375 0.2765625 0.0765625 0.0765625
7 0.37109375 0.21640625 0.0734375 0.0734375
7 0.78828125 0.7140625 0.06875 0.06875
7 0.725 0.64765625 0.0703125 0.0703125
7 0.6578125 0.58984375 0.078125 0.078125
7 0.45234375 0.40234375 0.0734375 0.0734375
7 0.3859375 0.340625 0.084375 0.084375
7 0.32109375 0.275 0.0734375 0.0734375
7 0.2484375 0.2171875 0.08125 0.08125
7 0.72578125 0.77578125 0.08125 0.08125
7 0.65703125 0.71484375 0.06875 0.06875
7 0.590625 0.65390625 0.0625 0.0625
7 0.52265625 0.590625 0.0625 0.0625
7 0.45546875 0.52734375 0.0796875 0.0796875
7 0.38671875 0.46328125 0.075 0.075
7 0.32265625 0.403125 0.065625 0.065625
7 0.25546875 0.34375 0.06875 0.0703125
7 0.1875 0.284375 0.0703125 0.0703125
7 0.6015625 0.77421875 0.0671875 0.0671875
7 0.53515625 0.71328125 0.071875 0.071875
7 0.4640625 0.653125 0.065625 0.065625
7 0.39453125 0.58828125 0.078125 0.078125
7 0.3359375 0.52890625 0.0734375 0.0734375
7 0.19609375 0.40703125 0.06875 0.06875
7 0.6109375 0.9015625 0.0609375 0.0625
7 0.41171875 0.7171875 0.0703125 0.0703125
7 0.34765625 0.653125 0.0671875 0.0671875
7 0.284375 0.5890625 0.06875 0.0703125
7 0.209375 0.5296875 0.0703125 0.0703125
7 0.14296875 0.46640625 0.0734375 0.0734375
7 0.07421875 0.41015625 0.0796875 0.08125
7 0.55625 0.96328125 0.075 0.0734375
7 0.490625 0.903125 0.0828125 0.0828125
7 0.4234375 0.8421875 0.0671875 0.0671875
7 0.3578125 0.78203125 0.0765625 0.078125
7 0.2171875 0.6515625 0.065625 0.0671875
7 0.153125 0.5953125 0.065625 0.065625
7 0.02578125 0.4703125 0.0515625 0.06875
7 0.4296875 0.9640625 0.071875 0.071875
7 0.03046875 0.59296875 0.0609375 0.0609375
12 0.2234375 0.771875 0.0859375 0.0859375
8 0.2953125 0.8421875 0.0875 0.0875
8 0.16171875 0.71328125 0.0953125 0.096875
11 0.08828125 0.6390625 0.096875 0.096875
11 0.3625 0.9015625 0.0921875 0.0921875
13 0.47265625 0.7828125 0.0890625 0.0890625
13 0.5796875 0.53046875 0.0875 0.0890625
10 0.5046875 0.990625 0.090625 0.01875
10 0.50390625 0.3359375 0.084375 0.084375
9 0.5515625 0.84765625 0.09375 0.09375
9 0.28125 0.71953125 0.096875 0.096875
14 0.67265625 0.83828125 0.0921875 0.0921875
14 0.1359375 0.3546875 0.0875 0.0890625
14 0.51640625 0.45703125 0.0890625 0.0875
14 0.71796875 0.5140625 0.090625 0.090625
4 0.7453125 0.203125 0.0890625 0.0890625
0 0.6796875 0.26953125 0.09375 0.09375
0 0.68046875 0.15 0.1 0.1
3 0.61875 0.32890625 0.0921875 0.0921875
3 0.6109375 0.0890625 0.096875 0.096875
5 0.48671875 0.2140625 0.0921875 0.0921875
5 0.81796875 0.2609375 0.0953125 0.096875
2 0.078125 0.52890625 0.0921875 0.0921875
2 0.89921875 0.3265625 0.09375 0.09375
1 0.83671875 0.52734375 0.096875 0.096875
1 0.56171875 0.13828125 0.090625 0.090625
6 0.84921875 0.646875 0.0984375 0.0984375
6 0.571875 0.39765625 0.0921875 0.0921875
6 0.2625 0.47109375 0.0890625 0.0890625
6 0.30390625 0.15390625 0.0890625 0.0890625