12 0.534375 0.3546875 0.0484375 0.0515625
8 0.3171875 0.76796875 0.0515625 0.0484375
8 0.3578125 0.671875 0.05625 0.0484375
11 0.49921875 0.8765625 0.0546875 0.0578125
11 0.32734375 0.50390625 0.046875 0.05
13 0.42890625 0.2984375 0.05 0.05
13 0.51640625 0.4828125 0.0515625 0.05
10 0.2296875 0.840625 0.05 0.0578125
10 0.73203125 0.8171875 0.0515625 0.0515625
9 0.56015625 0.259375 0.0453125 0.0546875
9 0.71796875 0.60546875 0.046875 0.0578125
14 0.684375 0.175 0.0484375 0.0515625
14 0.4671875 0.66328125 0.0484375 0.05625
14 0.6046875 0.45078125 0.0453125 0.0515625
14 0.64375 0.29296875 0.0453125 0.05
14 0.528125 0.603125 0.0484375 0.0484375
4 0.603125 0.85625 0.0484375 0.0515625
0 0.30234375 0.3140625 0.0484375 0.05625
0 0.41875 0.559375 0.046875 0.05
3 0.27578125 0.4140625 0.0515625 0.05
3 0.41484375 0.41328125 0.0484375 0.0484375
5 0.62265625 0.575 0.0484375 0.0515625
5 0.24453125 0.5578125 0.05 0.0546875
2 0.73203125 0.346875 0.0515625 0.05
2 0.71484375 0.46328125 0.046875 0.05
1 0.46015625 0.76015625 0.046875 0.0515625
1 0.57109375 0.74765625 0.046875 0.0546875
6 0.74765625 0.7125 0.046875 0.0515625
6 0.66171875 0.74609375 0.0453125 0.0546875
6 0.36953125 0.87578125 0.059375 0.0515625
6 0.2375 0.66875 0.05 0.05
6 0.33125 0.2015625 0.046875 0.05