12 0.3765625 0.58125 0.0765625 0.0734375
8 0.4640625 0.13125 0.08125 0.0828125
8 0.76953125 0.296875 0.0828125 0.08125
11 0.759375 0.5515625 0.078125 0.0796875
11 0.2640625 0.609375 0.0765625 0.075
13 0.2203125 0.51875 0.0796875 0.0796875
13 0.5171875 0.94453125 0.08125 0.08125
10 0.6265625 0.52265625 0.0734375 0.075
10 0.184375 0.415625 0.0796875 0.0796875
9 0.603125 0.290625 0.08125 0.08125
9 0.46640625 0.25390625 0.08125 0.08125
14 0.34296875 0.22109375 0.0828125 0.0796875
14 0.6734375 0.1859375 0.0796875 0.0796875
14 0.41015625 0.47109375 0.071875 0.0734375
14 0.7015625 0.66640625 0.0796875 0.078125
14 0.446875 0.73515625 0.0796875 0.078125
4 0.1296875 0.60390625 0.0796875 0.0796875
0 0.29453125 0.7578125 0.0796875 0.0796875
0 0.4078125 0.8796875 0.0859375 0.0890625
3 0.61015625 0.41875 0.0765625 0.078125
3 0.496875 0.39921875 0.08125 0.08125
5 0.39296875 0.359375 0.078125 0.078125
5 0.49921875 0.6484375 0.08125 0.08125
2 0.29453125 0.4515625 0.08125 0.0828125
2 0.49765625 0.55546875 0.0796875 0.078125
1 0.2875 0.3234375 0.0890625 0.084375
1 0.80859375 0.403125 0.0734375 0.075
6 0.56953125 0.18828125 0.0796875 0.0828125
6 0.690625 0.36171875 0.0734375 0.071875
6 0.6 0.675 0.078125 0.08125
6 0.61953125 0.8171875 0.0796875 0.0796875
6 0.19921875 0.6953125 0.0796875 0.0796875