12 0.53203125 0.73359375 0.0609375 0.05625
8 0.67265625 0.24296875 0.05 0.0546875
8 0.60859375 0.16640625 0.0578125 0.059375
11 0.68125 0.5578125 0.05625 0.0609375
11 0.328125 0.634375 0.0625 0.05625
13 0.66171875 0.75625 0.05625 0.0625
13 0.55234375 0.853125 0.059375 0.059375
10 0.1796875 0.66328125 0.059375 0.059375
10 0.45703125 0.41171875 0.0640625 0.065625
9 0.7828125 0.33125 0.0515625 0.0609375
9 0.40546875 0.3078125 0.05625 0.0671875
14 0.29609375 0.246875 0.0625 0.0625
14 0.253125 0.34921875 0.05625 0.0546875
14 0.22734375 0.56484375 0.0625 0.0578125
14 0.78828125 0.6 0.0609375 0.05625
14 0.65390625 0.6359375 0.0625 0.065625
4 0.52734375 0.6125 0.0546875 0.0625
0 0.3515625 0.146875 0.0515625 0.059375
0 0.36484375 0.4328125 0.0546875 0.05625
3 0.34453125 0.52265625 0.065625 0.065625
3 0.7578125 0.4625 0.065625 0.0625
5 0.4578125 0.55078125 0.0515625 0.05625
5 0.54375 0.35 0.0625 0.059375
2 0.47578125 0.215625 0.0625 0.065625
2 0.67578125 0.37734375 0.0578125 0.05625
1 0.2171875 0.45234375 0.0625 0.059375
1 0.5765625 0.49921875 0.05625 0.0578125
6 0.23359375 0.82578125 0.0625 0.0578125
6 0.3296875 0.7421875 0.059375 0.059375
6 0.43671875 0.6671875 0.0578125 0.0578125
6 0.4421875 0.77109375 0.0609375 0.0515625
6 0.7515625 0.71796875 0.065625 0.0578125