12 0.34609375 0.45 0.0765625 0.075
8 0.49140625 0.125 0.075 0.075
8 0.66015625 0.5734375 0.075 0.075
11 0.75703125 0.584375 0.071875 0.071875
11 0.49921875 0.2640625 0.084375 0.0828125
13 0.4921875 0.76640625 0.0859375 0.0859375
13 0.38046875 0.853125 0.0765625 0.075
10 0.85 0.51875 0.071875 0.071875
10 0.59609375 0.35546875 0.08125 0.08125
9 0.26328125 0.4078125 0.075 0.0765625
9 0.3796875 0.7171875 0.078125 0.0765625
14 0.34453125 0.27421875 0.075 0.075
14 0.56484375 0.18515625 0.0734375 0.0734375
14 0.72421875 0.3546875 0.075 0.075
14 0.60078125 0.71875 0.0828125 0.0828125
14 0.5203125 0.92265625 0.0828125 0.0828125
4 0.40546875 0.35 0.0734375 0.075
0 0.10703125 0.4421875 0.0796875 0.0796875
0 0.93203125 0.61796875 0.08125 0.0796875
3 0.49765625 0.63671875 0.0796875 0.0796875
3 0.19375 0.30390625 0.078125 0.0796875
5 0.471875 0.42734375 0.071875 0.0703125
5 0.703125 0.47265625 0.0796875 0.0796875
2 0.6421875 0.2671875 0.084375 0.084375
2 0.578125 0.515625 0.0796875 0.0796875
1 0.79296875 0.68984375 0.078125 0.078125
1 0.41953125 0.559375 0.0765625 0.075
6 0.371875 0.13125 0.078125 0.0796875
6 0.2078125 0.56015625 0.08125 0.08125
6 0.30546875 0.65859375 0.08125 0.08125
6 0.61640625 0.85 0.078125 0.0796875
6 0.73046875 0.815625 0.0828125 0.0828125