9 0.6890625 0.20390625 0.071875 0.06875
9 0.24609375 0.146875 0.0640625 0.0640625
6 0.6015625 0.0984375 0.071875 0.06875
6 0.4609375 0.12109375 0.0640625 0.071875
6 0.784375 0.584375 0.0640625 0.0640625
6 0.56953125 0.3984375 0.0640625 0.0671875
6 0.39609375 0.5828125 0.0546875 0.0671875
8 0.37890625 0.1828125 0.06875 0.06875
8 0.5515625 0.221875 0.0640625 0.075
5 0.69765625 0.05703125 0.090625 0.090625
5 0.19921875 0.4203125 0.090625 0.090625
3 0.275 0.29296875 0.090625 0.090625
3 0.5921875 0.93046875 0.090625 0.090625
14 0.64921875 0.8546875 0.090625 0.090625
14 0.33828125 0.69453125 0.090625 0.090625
14 0.7703125 0.3625 0.090625 0.090625
14 0.63125 0.6890625 0.090625 0.090625
14 0.25703125 0.9203125 0.078125 0.06875
1 0.35625 0.8125 0.090625 0.090625
1 0.3140625 0.37734375 0.090625 0.090625
0 0.6375 0.3171875 0.090625 0.090625
0 0.45 0.3203125 0.090625 0.090625
2 0.3296875 0.4921875 0.090625 0.090625
2 0.46796875 0.43828125 0.090625 0.090625
12 0.6796875 0.5109375 0.090625 0.090625
4 0.459375 0.7734375 0.090625 0.090625
10 0.20546875 0.56796875 0.090625 0.090625
10 0.2265625 0.75546875 0.090625 0.090625
11 0.721875 0.7703125 0.090625 0.090625
13 0.45625 0.9484375 0.090625 0.090625
13 0.83046875 0.44765625 0.06796875 0.0609375
11 0.55390625 0.56015625 0.0625 0.0671875