12 0.35703125 0.35234375 0.0546875 0.0640625
8 0.50390625 0.86171875 0.0640625 0.065625
8 0.76640625 0.52890625 0.0671875 0.0671875
11 0.73046875 0.27734375 0.059375 0.0640625
11 0.340625 0.1375 0.0640625 0.065625
13 0.290625 0.4328125 0.065625 0.06875
13 0.47421875 0.33984375 0.0640625 0.059375
10 0.40859375 0.75234375 0.0671875 0.0671875
10 0.584375 0.2734375 0.0578125 0.05625
9 0.7515625 0.65703125 0.0640625 0.0640625
9 0.41171875 0.2703125 0.0546875 0.05625
14 0.61796875 0.64609375 0.0671875 0.065625
14 0.32890625 0.66640625 0.0578125 0.0640625
14 0.203125 0.61953125 0.0671875 0.0640625
14 0.48828125 0.5375 0.0578125 0.059375
14 0.5484375 0.44921875 0.0578125 0.065625
4 0.20078125 0.778125 0.0625 0.0640625
0 0.7234375 0.76875 0.0640625 0.0671875
0 0.74140625 0.15859375 0.0578125 0.065625
3 0.65546875 0.3796875 0.0578125 0.0625
3 0.653125 0.52421875 0.0625 0.0640625
5 0.26484375 0.27578125 0.065625 0.0640625
5 0.6171875 0.1328125 0.0671875 0.0640625
2 0.665625 0.846875 0.065625 0.065625
2 0.33359375 0.5421875 0.0546875 0.0609375
1 0.79765625 0.4078125 0.065625 0.0671875
1 0.5703125 0.73828125 0.0625 0.0640625
6 0.48125 0.16484375 0.0578125 0.0640625
6 0.40546875 0.44609375 0.059375 0.0625
6 0.18984375 0.50390625 0.0609375 0.0671875
6 0.465625 0.640625 0.06875 0.06875
6 0.33359375 0.865625 0.06875 0.06875