12 0.68359375 0.18046875 0.078125 0.071875
8 0.46328125 0.56015625 0.0734375 0.075
8 0.1796875 0.55703125 0.071875 0.0734375
11 0.796875 0.44375 0.075 0.075
11 0.5046875 0.37734375 0.0765625 0.071875
13 0.27578125 0.31015625 0.0609375 0.0671875
13 0.67734375 0.33984375 0.078125 0.075
10 0.29921875 0.58984375 0.0734375 0.075
10 0.85 0.76328125 0.0796875 0.075
9 0.35703125 0.83671875 0.0734375 0.071875
9 0.3828125 0.3 0.078125 0.075
14 0.7109375 0.7765625 0.078125 0.078125
14 0.48515625 0.8234375 0.0796875 0.0765625
14 0.27109375 0.7328125 0.0765625 0.078125
14 0.6421875 0.6640625 0.0703125 0.071875
14 0.534375 0.67421875 0.071875 0.0734375
4 0.253125 0.46015625 0.0734375 0.0703125
0 0.584375 0.253125 0.0734375 0.078125
0 0.6359375 0.459375 0.0734375 0.071875
3 0.7140625 0.55390625 0.075 0.075
3 0.5875 0.5484375 0.075 0.075
5 0.325 0.1859375 0.0796875 0.078125
5 0.8515625 0.55234375 0.075 0.0734375
2 0.37421875 0.671875 0.0703125 0.0703125
2 0.50078125 0.1359375 0.075 0.075
1 0.409375 0.9296875 0.075 0.0765625
1 0.61875 0.89375 0.078125 0.0765625
6 0.76875 0.66796875 0.075 0.075
6 0.5984375 0.7640625 0.0765625 0.078125
6 0.48125 0.23203125 0.0671875 0.071875
6 0.4171875 0.440625 0.0671875 0.0734375
6 0.2359375 0.35546875 0.0671875 0.065625