12 0.2 0.49921875 0.0703125 0.0609375
8 0.5640625 0.703125 0.059375 0.0609375
8 0.490625 0.58359375 0.0578125 0.0625
11 0.6953125 0.63984375 0.0609375 0.0640625
11 0.53671875 0.1890625 0.0578125 0.0578125
13 0.72109375 0.33671875 0.0609375 0.059375
13 0.6578125 0.46796875 0.0609375 0.0609375
10 0.4390625 0.94453125 0.0578125 0.0625
10 0.2453125 0.78984375 0.0625 0.0578125
9 0.26484375 0.92734375 0.065625 0.0578125
9 0.3890625 0.83671875 0.0625 0.065625
14 0.73125 0.88046875 0.0578125 0.05625
14 0.6265625 0.56640625 0.0578125 0.05
14 0.27890625 0.23984375 0.0671875 0.0625
14 0.4421875 0.2015625 0.0640625 0.0640625
14 0.42578125 0.34453125 0.0609375 0.059375
4 0.625 0.91328125 0.0578125 0.0625
0 0.5453125 0.85 0.0609375 0.065625
0 0.45 0.453125 0.0609375 0.0640625
3 0.275 0.3640625 0.0640625 0.059375
3 0.76484375 0.54296875 0.0625 0.0640625
5 0.3640625 0.75703125 0.0625 0.0640625
5 0.4546875 0.7109375 0.0609375 0.065625
2 0.7421875 0.20625 0.059375 0.059375
2 0.36796875 0.6125 0.0625 0.0625
1 0.78671875 0.73515625 0.0609375 0.059375
1 0.621875 0.79296875 0.0609375 0.0609375
6 0.234375 0.69296875 0.0640625 0.065625
6 0.553125 0.44921875 0.0578125 0.059375
6 0.32578125 0.471875 0.0640625 0.059375
6 0.540625 0.31171875 0.05625 0.059375
6 0.67578125 0.17265625 0.0609375 0.0609375