12 0.10234375 0.5125 0.0890625 0.0875
8 0.17109375 0.43046875 0.0828125 0.0828125
8 0.6015625 0.38515625 0.075 0.0765625
11 0.3359375 0.8171875 0.0859375 0.084375
11 0.10703125 0.66875 0.0859375 0.0859375
13 0.41875 0.7375 0.0765625 0.078125
13 0.434375 0.9015625 0.084375 0.084375
10 0.28515625 0.69453125 0.08125 0.0796875
10 0.51328125 0.28203125 0.0828125 0.08125
9 0.56484375 0.65 0.075 0.0765625
9 0.484375 0.559375 0.0796875 0.0796875
14 0.465625 0.66171875 0.075 0.0765625
14 0.32421875 0.56796875 0.0765625 0.078125
14 0.40078125 0.3765625 0.071875 0.0734375
14 0.396875 0.05859375 0.0734375 0.075
14 0.690625 0.33125 0.0703125 0.06875
4 0.68515625 0.64375 0.0796875 0.0796875
0 0.253125 0.315625 0.0828125 0.0828125
0 0.384375 0.24140625 0.084375 0.0828125
3 0.70546875 0.52109375 0.08125 0.0796875
3 0.290625 0.44921875 0.0828125 0.0828125
5 0.5390625 0.796875 0.08125 0.0796875
5 0.79296875 0.3453125 0.06875 0.06875
2 0.646875 0.75859375 0.075 0.0765625
2 0.40546875 0.490625 0.0828125 0.0828125
1 0.5625 0.48359375 0.0671875 0.065625
1 0.60859375 0.2640625 0.08125 0.0796875
6 0.4921875 0.14140625 0.078125 0.0765625
6 0.65234375 0.18515625 0.078125 0.078125
6 0.8796875 0.33359375 0.075 0.0765625
6 0.7796875 0.45234375 0.08125 0.0796875
6 0.21015625 0.59765625 0.090625 0.0890625