12 0.2765625 0.1921875 0.121875 0.11875
8 0.41328125 0.30625 0.140625 0.1375
8 0.5609375 0.365625 0.1484375 0.146875
11 0.76171875 0.22578125 0.1421875 0.1390625
11 0.309375 0.3171875 0.1328125 0.1296875
13 0.34765625 0.4109375 0.146875 0.1421875
13 0.5203125 0.26875 0.140625 0.1375
10 0.69453125 0.15 0.1421875 0.1375
10 0.33359375 0.1046875 0.13125 0.1265625
9 0.434375 0.084375 0.1421875 0.1375
9 0.2234375 0.2859375 0.1328125 0.128125
14 0.365625 0.21875 0.140625 0.1359375
14 0.46640625 0.19140625 0.1390625 0.134375
14 0.58359375 0.175 0.140625 0.1359375
14 0.646875 0.27890625 0.1421875 0.1390625
14 0.4546875 0.403125 0.14375 0.1421875
4 0.44375 0.5140625 0.1578125 0.1546875
0 0.87265625 0.57890625 0.1734375 0.1734375
0 0.74765625 0.6453125 0.1765625 0.178125
3 0.7421875 0.334375 0.146875 0.14375
3 0.6515625 0.4296875 0.1578125 0.1546875
5 0.2609375 0.69453125 0.1515625 0.1515625
5 0.3359375 0.56953125 0.15 0.146875
2 0.41015625 0.803125 0.1578125 0.159375
2 0.55703125 0.51171875 0.1484375 0.146875
1 0.51953125 0.73984375 0.159375 0.1578125
1 0.6765625 0.5484375 0.165625 0.1625
6 0.76875 0.45703125 0.1671875 0.1671875
6 0.6453125 0.73828125 0.171875 0.1703125
6 0.58203125 0.62890625 0.1515625 0.1515625
6 0.46171875 0.63515625 0.1515625 0.1515625
6 0.30390625 0.8984375 0.1703125 0.1734375