12 0.34453125 0.15234375 0.115625 0.1109375
8 0.375 0.328125 0.1328125 0.1265625
8 0.353125 0.4859375 0.1421875 0.134375
11 0.13125 0.5890625 0.1359375 0.1265625
11 0.43671875 0.24296875 0.1265625 0.11875
13 0.49921875 0.32421875 0.140625 0.1296875
13 0.2890625 0.4015625 0.134375 0.125
10 0.1 0.49296875 0.1390625 0.1234375
10 0.24140625 0.15859375 0.128125 0.1140625
9 0.17265625 0.23515625 0.1390625 0.1234375
9 0.453125 0.153125 0.1296875 0.115625
14 0.32421875 0.24296875 0.1359375 0.1234375
14 0.25 0.31640625 0.134375 0.1203125
14 0.1765625 0.41015625 0.134375 0.1234375
14 0.23515625 0.51640625 0.1359375 0.1265625
14 0.4390625 0.4125 0.1359375 0.1328125
4 0.53984375 0.45859375 0.15 0.1421875
0 0.38203125 0.8625 0.1625 0.1625
0 0.50234375 0.78671875 0.1640625 0.16875
3 0.23515625 0.6265625 0.140625 0.13125
3 0.36328125 0.59609375 0.1515625 0.1421875
5 0.78828125 0.390625 0.1421875 0.1421875
5 0.6421875 0.39296875 0.1421875 0.1359375
2 0.80703125 0.57421875 0.146875 0.15
2 0.48203125 0.55546875 0.140625 0.1359375
1 0.69765625 0.63671875 0.15 0.146875
1 0.45390625 0.6765625 0.15625 0.1515625
6 0.328125 0.7109375 0.1578125 0.15625
6 0.63359375 0.74453125 0.1625 0.159375
6 0.57109375 0.63515625 0.1421875 0.1421875
6 0.6359375 0.534375 0.1421875 0.1421875
6 0.93203125 0.52890625 0.1359375 0.1640625