7 0.90078125 0.10625 0.0625 0.06875
7 0.45078125 0.0625 0.059375 0.0640625
7 0.3578125 0.05390625 0.0625 0.0625
7 0.2640625 0.04765625 0.065625 0.075
7 0.175 0.0359375 0.0671875 0.0671875
7 0.896875 0.18671875 0.0609375 0.065625
7 0.80703125 0.1765625 0.065625 0.0625
7 0.62734375 0.16484375 0.0640625 0.065625
7 0.4453125 0.1421875 0.0625 0.0671875
7 0.35234375 0.1359375 0.0625 0.0640625
7 0.2625 0.13046875 0.065625 0.0609375
7 0.1734375 0.1234375 0.0609375 0.065625
7 0.8859375 0.275 0.0625 0.05625
7 0.79921875 0.2640625 0.06875 0.065625
7 0.70703125 0.2578125 0.0546875 0.059375
7 0.6171875 0.25 0.059375 0.0625
7 0.34765625 0.228125 0.0625 0.05625
7 0.25390625 0.2203125 0.0671875 0.06875
7 0.8765625 0.359375 0.0640625 0.071875
7 0.78828125 0.3515625 0.046875 0.053125
7 0.69765625 0.3421875 0.0640625 0.059375
7 0.60859375 0.3375 0.065625 0.065625
7 0.51640625 0.32734375 0.0640625 0.0640625
7 0.42890625 0.31875 0.0609375 0.06875
7 0.24375 0.30625 0.059375 0.059375
7 0.8734375 0.4421875 0.065625 0.053125
7 0.7796875 0.43125 0.0609375 0.053125
7 0.6015625 0.41640625 0.053125 0.0515625
7 0.4203125 0.4 0.05625 0.05625
7 0.3296875 0.39453125 0.0546875 0.0609375
7 0.240625 0.38359375 0.0625 0.053125
7 0.1515625 0.38125 0.053125 0.05625
7 0.68359375 0.51484375 0.0609375 0.05625
7 0.59453125 0.5078125 0.05625 0.0546875
7 0.415625 0.49453125 0.0625 0.05625
7 0.14296875 0.46796875 0.0546875 0.0625
7 0.85 0.61328125 0.059375 0.0671875
7 0.76953125 0.60625 0.05625 0.0609375
7 0.6765625 0.59921875 0.0609375 0.0640625
7 0.5890625 0.59140625 0.0625 0.0609375
7 0.40703125 0.57578125 0.0515625 0.059375
7 0.3125 0.56796875 0.0625 0.065625
7 0.2234375 0.5609375 0.0453125 0.059375
7 0.84609375 0.70234375 0.05625 0.0625
7 0.76171875 0.690625 0.0703125 0.071875
7 0.66953125 0.684375 0.0625 0.065625
7 0.58125 0.675 0.0609375 0.0625
7 0.4015625 0.659375 0.065625 0.065625
7 0.3046875 0.65390625 0.0640625 0.0609375
7 0.215625 0.646875 0.059375 0.06875
7 0.12734375 0.640625 0.0625 0.065625
7 0.8390625 0.7828125 0.05625 0.059375
7 0.753125 0.775 0.046875 0.0546875
7 0.66015625 0.76640625 0.05 0.059375
7 0.5734375 0.759375 0.0609375 0.059375
7 0.39453125 0.74140625 0.0515625 0.0625
7 0.30078125 0.73828125 0.0625 0.0640625
7 0.2078125 0.7328125 0.05625 0.0625
7 0.11796875 0.725 0.053125 0.05625
7 0.8375 0.86484375 0.04375 0.053125
7 0.74921875 0.85703125 0.053125 0.05625
7 0.65859375 0.84765625 0.0671875 0.059375
7 0.56796875 0.840625 0.0640625 0.0640625
7 0.2921875 0.81953125 0.0546875 0.0609375
7 0.20546875 0.8140625 0.053125 0.05625
7 0.11015625 0.8046875 0.0546875 0.0546875
12 0.47890625 0.83125 0.0640625 0.0671875
8 0.3859375 0.81953125 0.059375 0.0671875
8 0.48203125 0.74921875 0.071875 0.071875
11 0.4875 0.66953125 0.0796875 0.075
13 0.23359375 0.48046875 0.0671875 0.071875
10 0.71171875 0.1671875 0.0671875 0.0703125
9 0.51171875 0.49765625 0.0765625 0.071875
9 0.81640625 0.0875 0.071875 0.071875
14 0.87421875 0.5234375 0.0703125 0.071875
14 0.50234375 0.57890625 0.0703125 0.0734375
14 0.32109375 0.4828125 0.071875 0.071875
14 0.1328125 0.54375 0.071875 0.0703125
4 0.53671875 0.07109375 0.0765625 0.0765625
0 0.62578125 0.075 0.065625 0.0703125
0 0.53125 0.1453125 0.071875 0.071875
3 0.53671875 0.23359375 0.065625 0.075
3 0.72109375 0.0828125 0.065625 0.06875
5 0.16875 0.203125 0.0703125 0.0703125
2 0.50546875 0.40546875 0.071875 0.071875
1 0.77734375 0.5125 0.0703125 0.0734375
1 0.4421875 0.22421875 0.0703125 0.0734375
6 0.6875 0.4234375 0.0703125 0.0703125
6 0.3359375 0.30859375 0.0703125 0.0703125
6 0.153125 0.2984375 0.071875 0.071875