2 0.15859375 0.296875 0.196875 0.19375
2 0.2125 0.4796875 0.1828125 0.1796875
1 0.253125 0.6609375 0.1828125 0.175
1 0.29375 0.8421875 0.1828125 0.1796875
3 0.47578125 0.79609375 0.1765625 0.1765625
3 0.43203125 0.634375 0.15625 0.1296875
5 0.34375 0.253125 0.18125 0.184375
6 0.84375 0.709375 0.1828125 0.1796875
6 0.7953125 0.525 0.178125 0.18125
6 0.753125 0.34375 0.1765625 0.1703125
6 0.71015625 0.16171875 0.175 0.1734375
6 0.52265625 0.20234375 0.1828125 0.1828125
0 0.6578125 0.7484375 0.1859375 0.1828125