12 0.3109375 0.534375 0.0671875 0.071875
8 0.51953125 0.24453125 0.065625 0.0671875
8 0.45 0.30234375 0.0640625 0.06875
11 0.7828125 0.409375 0.071875 0.0734375
11 0.3859375 0.515625 0.06875 0.0640625
13 0.41171875 0.5859375 0.065625 0.0734375
13 0.53359375 0.38046875 0.0671875 0.065625
10 0.528125 0.67109375 0.0625 0.0671875
10 0.5609375 0.45078125 0.0671875 0.065625
9 0.3875 0.25703125 0.071875 0.0703125
9 0.7359375 0.50234375 0.0734375 0.0703125
14 0.45390625 0.7 0.06875 0.0734375
14 0.55859375 0.3078125 0.071875 0.0703125
14 0.32734375 0.3140625 0.0765625 0.075
14 0.5828125 0.61015625 0.0671875 0.0734375
14 0.709375 0.4296875 0.06875 0.071875
4 0.5359375 0.5484375 0.065625 0.0671875
0 0.4859375 0.603125 0.0703125 0.06875
0 0.69140625 0.35625 0.075 0.071875
3 0.36015625 0.42578125 0.0703125 0.0765625
3 0.65703125 0.565625 0.071875 0.071875
5 0.2875 0.446875 0.078125 0.0734375
5 0.63515625 0.44609375 0.0734375 0.071875
2 0.33203125 0.7078125 0.075 0.075
2 0.490625 0.48671875 0.0703125 0.071875
1 0.39921875 0.35546875 0.0765625 0.0671875
1 0.334375 0.60234375 0.0765625 0.0671875
6 0.43671875 0.77265625 0.0859375 0.06875
6 0.39140625 0.66015625 0.0734375 0.06875
6 0.43203125 0.4359375 0.0671875 0.075
6 0.61171875 0.3734375 0.0703125 0.0703125
6 0.60078125 0.5140625 0.0671875 0.0609375