12 0.50390625 0.740625 0.078125 0.084375
8 0.26171875 0.6140625 0.0734375 0.08125
8 0.775 0.46875 0.0765625 0.08125
11 0.52109375 0.571875 0.06875 0.0734375
11 0.5921875 0.61171875 0.0671875 0.0703125
13 0.54453125 0.671875 0.065625 0.0703125
13 0.6 0.45703125 0.0765625 0.084375
10 0.64375 0.66875 0.0671875 0.071875
10 0.5453125 0.80859375 0.078125 0.078125
9 0.3734375 0.80703125 0.0796875 0.078125
9 0.25390625 0.484375 0.0828125 0.0828125
14 0.3890625 0.29296875 0.0796875 0.0828125
14 0.2921875 0.40859375 0.084375 0.084375
14 0.60078125 0.534375 0.0734375 0.075
14 0.66953125 0.50078125 0.0671875 0.071875
14 0.67890625 0.57734375 0.0734375 0.0765625
4 0.33671875 0.47578125 0.084375 0.084375
0 0.4390625 0.5171875 0.0828125 0.084375
0 0.47421875 0.634375 0.0828125 0.0875
3 0.32578125 0.66328125 0.08125 0.0796875
3 0.31171875 0.54921875 0.0859375 0.0875
5 0.6328125 0.3765625 0.0796875 0.08125
5 0.47421875 0.44453125 0.0765625 0.0765625
2 0.715625 0.64609375 0.0859375 0.08125
2 0.74453125 0.540625 0.0796875 0.0765625
1 0.39921875 0.42890625 0.084375 0.0859375
1 0.70390625 0.4328125 0.084375 0.084375
6 0.42578125 0.746875 0.0875 0.08125
6 0.59453125 0.7296875 0.084375 0.0875
6 0.371875 0.59609375 0.0859375 0.084375
6 0.40390625 0.66875 0.0859375 0.0859375
6 0.53046875 0.49609375 0.0828125 0.0828125