12 0.4125 0.72109375 0.2140625 0.2203125
8 0.19296875 0.5078125 0.1890625 0.15625
11 0.90234375 0.69765625 0.1953125 0.1921875
13 0.66015625 0.71640625 0.2125 0.2046875
13 0.415625 0.5015625 0.18125 0.159375
8 0.4265625 0.16796875 0.159375 0.128125
11 0.79296875 0.15390625 0.1578125 0.1171875
10 0.2125 0.33203125 0.1765625 0.140625
10 0.81171875 0.3078125 0.1703125 0.1296875
9 0.85234375 0.48359375 0.19375 0.15625
9 0.609375 0.16640625 0.153125 0.14375
14 0.2421875 0.175 0.15625 0.128125
14 0.41328125 0.32265625 0.153125 0.121875
14 0.61328125 0.33125 0.16875 0.1421875
14 0.63046875 0.50390625 0.1890625 0.1578125
14 0.1609375 0.72265625 0.2140625 0.19375