12 0.578125 0.88046875 0.090625 0.090625
8 0.528125 0.76328125 0.084375 0.0890625
8 0.30234375 0.50078125 0.0890625 0.090625
11 0.340625 0.5765625 0.0890625 0.09375
11 0.50390625 0.8484375 0.0890625 0.0875
13 0.4515625 0.37890625 0.0828125 0.0921875
13 0.76484375 0.1828125 0.0953125 0.0953125
10 0.67109375 0.6546875 0.090625 0.0875
10 0.3078125 0.71484375 0.0875 0.090625
9 0.58671875 0.24765625 0.0859375 0.090625
9 0.63125 0.515625 0.090625 0.0890625
14 0.4640625 0.690625 0.0875 0.090625
14 0.68984375 0.57265625 0.0921875 0.09375
14 0.60390625 0.8015625 0.09375 0.0859375
14 0.37890625 0.415625 0.0921875 0.0921875
14 0.5296875 0.375 0.0921875 0.0921875
4 0.66875 0.22734375 0.0875 0.0921875
0 0.59609375 0.33125 0.09375 0.09375
0 0.6625 0.3796875 0.0921875 0.08125
3 0.53046875 0.59921875 0.0859375 0.0828125
3 0.70859375 0.31015625 0.1 0.0984375
5 0.6140625 0.59375 0.0890625 0.0875
5 0.59765625 0.42734375 0.0890625 0.0890625
2 0.3765625 0.31328125 0.0984375 0.0953125
2 0.453125 0.5328125 0.0890625 0.0921875
1 0.51171875 0.47734375 0.1015625 0.1
1 0.39140625 0.725 0.09375 0.096875
6 0.21796875 0.43515625 0.0953125 0.090625
6 0.4171875 0.6203125 0.090625 0.090625
6 0.5453125 0.68203125 0.090625 0.09375
6 0.61875 0.72421875 0.1046875 0.084375
6 0.446875 0.7828125 0.0953125 0.0890625