12 0.690625 0.56640625 0.0890625 0.0890625
8 0.59296875 0.67734375 0.09375 0.09375
8 0.353125 0.32578125 0.0890625 0.0890625
11 0.725 0.73046875 0.1 0.0984375
11 0.3421875 0.525 0.090625 0.090625
13 0.73359375 0.3125 0.0875 0.0890625
13 0.2671875 0.20390625 0.09375 0.09375
10 0.4609375 0.68828125 0.09375 0.0921875
10 0.740625 0.49375 0.096875 0.0953125
9 0.3671875 0.61484375 0.0875 0.0875
9 0.72265625 0.38359375 0.0875 0.0890625
14 0.30078125 0.6578125 0.0875 0.0875
14 0.26484375 0.359375 0.0921875 0.0921875
14 0.37109375 0.390625 0.0890625 0.090625
14 0.334375 0.1828125 0.0875 0.0890625
14 0.5296875 0.309375 0.0859375 0.0875
4 0.4125 0.46875 0.0921875 0.0921875
0 0.5328125 0.47421875 0.0953125 0.0953125
0 0.31484375 0.43125 0.0953125 0.0953125
3 0.29765625 0.58203125 0.0921875 0.09375
3 0.59296875 0.36015625 0.0953125 0.0953125
5 0.60078125 0.5609375 0.096875 0.0953125
5 0.446875 0.1953125 0.09375 0.09375
2 0.453125 0.77734375 0.09375 0.0953125
2 0.68984375 0.6484375 0.090625 0.090625
1 0.53515625 0.7140625 0.0953125 0.0953125
1 0.24375 0.45859375 0.0890625 0.0890625
6 0.23828125 0.53203125 0.090625 0.090625
6 0.49375 0.246875 0.0953125 0.09375
6 0.39296875 0.14765625 0.0890625 0.0875
6 0.46328125 0.55859375 0.0875 0.0859375
6 0.553125 0.6140625 0.0875 0.0890625