12 0.6890625 0.56953125 0.0890625 0.0890625
8 0.58984375 0.67890625 0.09375 0.09375
8 0.35625 0.3234375 0.0890625 0.0890625
11 0.72109375 0.734375 0.1 0.0984375
11 0.3421875 0.521875 0.090625 0.090625
13 0.73671875 0.3171875 0.0875 0.0890625
13 0.27265625 0.19921875 0.09375 0.09375
10 0.4578125 0.6875 0.09375 0.0921875
10 0.740625 0.4984375 0.096875 0.0953125
9 0.36484375 0.6125 0.0875 0.0875
9 0.72421875 0.3875 0.0875 0.0890625
14 0.2984375 0.6546875 0.0859375 0.0875
14 0.2671875 0.35546875 0.0921875 0.0921875
14 0.3734375 0.38828125 0.0890625 0.090625
14 0.33984375 0.1796875 0.0875 0.0890625
14 0.5328125 0.31015625 0.0859375 0.0859375
4 0.41328125 0.4671875 0.090625 0.090625
0 0.5328125 0.475 0.09375 0.0953125
0 0.31640625 0.428125 0.0953125 0.09375
3 0.296875 0.57890625 0.0921875 0.09375
3 0.5953125 0.36171875 0.09375 0.0953125
5 0.59921875 0.56328125 0.096875 0.0953125
5 0.4515625 0.19453125 0.09375 0.09375
2 0.4484375 0.7765625 0.09375 0.0953125
2 0.6875 0.65234375 0.090625 0.090625
1 0.53125 0.71484375 0.0953125 0.09375
1 0.24453125 0.45390625 0.0890625 0.0890625
6 0.2375 0.52734375 0.090625 0.090625
6 0.4984375 0.246875 0.0953125 0.09375
6 0.39921875 0.14609375 0.0890625 0.0875
6 0.4625 0.5578125 0.0875 0.0859375
6 0.55078125 0.61484375 0.0875 0.0890625