12 0.43984375 0.22421875 0.0796875 0.0796875
8 0.39375 0.37578125 0.0734375 0.0734375
8 0.77421875 0.575 0.0859375 0.0859375
11 0.05390625 0.58984375 0.078125 0.078125
11 0.52421875 0.64765625 0.0828125 0.0828125
13 0.1890625 0.54375 0.08125 0.08125
13 0.16796875 0.453125 0.08125 0.08125
10 0.31640625 0.4421875 0.08125 0.08125
10 0.5015625 0.40234375 0.078125 0.0765625
9 0.396875 0.65390625 0.0890625 0.0875
9 0.55546875 0.82734375 0.0890625 0.0890625
14 0.46328125 0.5484375 0.0765625 0.0765625
14 0.3234375 0.54921875 0.08125 0.08125
14 0.34921875 0.28125 0.0828125 0.0828125
14 0.5140625 0.11953125 0.0828125 0.0828125
14 0.9046875 0.53828125 0.0890625 0.0890625
4 0.6640625 0.56953125 0.0796875 0.0796875
0 0.7140625 0.39765625 0.08125 0.08125
0 0.58984375 0.25 0.084375 0.084375
3 0.26640625 0.3359375 0.084375 0.084375
3 0.8515625 0.43203125 0.0890625 0.0890625
5 0.87578125 0.31796875 0.084375 0.084375
5 0.5984375 0.35703125 0.084375 0.084375
2 0.25625 0.84140625 0.0890625 0.0875
2 0.4265625 0.97421875 0.08125 0.0515625
1 0.20859375 0.6921875 0.075 0.075
1 0.6203125 0.11875 0.084375 0.084375
6 0.6984375 0.24453125 0.0828125 0.0828125
6 0.65546875 0.6921875 0.0890625 0.0890625
6 0.56171875 0.48671875 0.0828125 0.0828125
6 0.42734375 0.7671875 0.08125 0.08125
6 0.37265625 0.86484375 0.0828125 0.0828125