12 0.14921875 0.65546875 0.075 0.075
8 0.453125 0.496875 0.06875 0.06875
8 0.5515625 0.45078125 0.0796875 0.0796875
11 0.28828125 0.67578125 0.0734375 0.0734375
11 0.425 0.7625 0.071875 0.071875
13 0.4203125 0.3859375 0.075 0.0765625
13 0.64375 0.52890625 0.078125 0.075
10 0.52109375 0.32890625 0.078125 0.0765625
10 0.63828125 0.23125 0.0671875 0.0703125
9 0.70546875 0.75625 0.078125 0.0765625
9 0.69609375 0.44921875 0.078125 0.0828125
14 0.44921875 0.14140625 0.0703125 0.075
14 0.37890625 0.2375 0.078125 0.08125
14 0.1875 0.38671875 0.075 0.075
14 0.35390625 0.53984375 0.075 0.0796875
14 0.7546875 0.35 0.08125 0.078125
4 0.753125 0.58984375 0.0796875 0.08125
0 0.4 0.646875 0.075 0.0765625
0 0.4765625 0.875 0.0828125 0.08125
3 0.49921875 0.69296875 0.0765625 0.078125
3 0.31328125 0.3375 0.08125 0.078125
5 0.296875 0.81015625 0.08125 0.08125
5 0.61171875 0.75859375 0.0828125 0.08125
2 0.65078125 0.6421875 0.0796875 0.0796875
2 0.225 0.55859375 0.075 0.075
1 0.63828125 0.35390625 0.078125 0.078125
1 0.80078125 0.48828125 0.0828125 0.08125
6 0.85703125 0.29296875 0.0796875 0.075
6 0.50546875 0.23359375 0.0765625 0.0796875
6 0.28984375 0.44609375 0.075 0.0765625
6 0.525 0.5875 0.0796875 0.0796875
6 0.62578125 0.875 0.08125 0.0828125