12 0.63671875 0.19765625 0.0671875 0.06875
8 0.55390625 0.81015625 0.0625 0.065625
8 0.31171875 0.45234375 0.065625 0.071875
11 0.56328125 0.16171875 0.0671875 0.078125
11 0.56875 0.23828125 0.06875 0.071875
13 0.5125 0.74296875 0.0671875 0.0703125
13 0.59765625 0.396875 0.0625 0.06875
10 0.603125 0.32109375 0.059375 0.0671875
10 0.4953125 0.19921875 0.06875 0.071875
9 0.67421875 0.5296875 0.0671875 0.078125
9 0.55625 0.628125 0.0640625 0.0734375
14 0.73203125 0.42578125 0.0625 0.0671875
14 0.4328125 0.4359375 0.0625 0.0625
14 0.4578125 0.509375 0.065625 0.0640625
14 0.47890625 0.584375 0.065625 0.0703125
14 0.48125 0.82578125 0.0703125 0.0703125
4 0.446875 0.36171875 0.0671875 0.0734375
0 0.43828125 0.759375 0.06875 0.0734375
0 0.51328125 0.3984375 0.065625 0.06875
3 0.57734375 0.70234375 0.0703125 0.071875
3 0.36875 0.346875 0.0734375 0.0734375
5 0.48984375 0.65859375 0.071875 0.075
5 0.60703125 0.56953125 0.0765625 0.0765625
2 0.1828125 0.5375 0.075 0.075
2 0.40625 0.56328125 0.0765625 0.0671875
1 0.67890625 0.7203125 0.0671875 0.075
1 0.375 0.48984375 0.0703125 0.065625
6 0.35546875 0.678125 0.0703125 0.075
6 0.5359375 0.51484375 0.065625 0.06875
6 0.528125 0.30703125 0.06875 0.071875
6 0.66328125 0.2703125 0.075 0.0703125
6 0.6671875 0.36015625 0.0671875 0.0671875