10 0.7171875 0.18828125 0.0859375 0.0859375
10 0.41484375 0.47421875 0.0796875 0.0796875
6 0.5046875 0.52109375 0.096875 0.096875
6 0.52265625 0.88671875 0.0890625 0.0890625
6 0.73359375 0.60625 0.0921875 0.0921875
6 0.78984375 0.45 0.08125 0.08125
6 0.134375 0.40390625 0.096875 0.096875
1 0.4265625 0.14296875 0.1046875 0.103125
2 0.63203125 0.678125 0.084375 0.084375
1 0.50546875 0.63828125 0.075 0.075
2 0.1578125 0.565625 0.090625 0.090625
4 0.6296875 0.53125 0.0921875 0.0921875
8 0.25 0.40703125 0.0890625 0.0890625
8 0.65546875 0.28515625 0.0921875 0.0921875
0 0.2640625 0.49453125 0.084375 0.084375
0 0.440625 0.76875 0.090625 0.090625
11 0.39296875 0.5875 0.0765625 0.0765625
11 0.34765625 0.7015625 0.0890625 0.0890625
13 0.39375 0.38203125 0.090625 0.090625
5 0.2203125 0.740625 0.128125 0.128125
5 0.41875 0.94609375 0.128125 0.1078125
13 0.31796875 0.86875 0.128125 0.128125
3 0.04921875 0.51875 0.0984375 0.128125
3 0.76875 0.3546875 0.128125 0.128125
9 0.553125 0.11640625 0.128125 0.128125
9 0.5078125 0.2375 0.128125 0.128125
12 0.5359375 0.38203125 0.128125 0.128125
14 0.846875 0.5546875 0.0984375 0.0984375
14 0.67109375 0.415625 0.103125 0.103125
14 0.35 0.26484375 0.1015625 0.1015625
14 0.2828125 0.61328125 0.09375 0.09375
14 0.58359375 0.7765625 0.0984375 0.0984375