1 0.16015625 0.18984375 0.09375 0.0984375
1 0.54609375 0.16796875 0.1015625 0.1046875
6 0.42265625 0.171875 0.090625 0.10625
6 0.5875 0.30390625 0.0953125 0.096875
6 0.69453125 0.27890625 0.1046875 0.1125
6 0.34765625 0.86640625 0.1109375 0.103125
6 0.490625 0.4125 0.0953125 0.09375
9 0.5015625 0.2625 0.0796875 0.0828125
9 0.63984375 0.88515625 0.09375 0.0953125
2 0.19375 0.46640625 0.0984375 0.096875
2 0.87734375 0.6921875 0.1078125 0.1078125
11 0.50390625 0.934375 0.103125 0.103125
11 0.48359375 0.0484375 0.0953125 0.096875
14 0.26015625 0.17265625 0.0984375 0.0984375
14 0.30703125 0.4203125 0.0953125 0.1046875
14 0.73984375 0.60390625 0.103125 0.103125
14 0.74765625 0.77265625 0.109375 0.1109375
14 0.29140625 0.68671875 0.1171875 0.1234375
5 0.6265625 0.51640625 0.0953125 0.0921875
5 0.4109375 0.5125 0.1125 0.1109375
10 0.31484375 0.565625 0.0953125 0.096875
13 0.3625 0.2375 0.0859375 0.0890625
13 0.61015625 0.69921875 0.10625 0.1
3 0.496875 0.7984375 0.1046875 0.103125
3 0.40078125 0.32578125 0.103125 0.1046875
8 0.28046875 0.309375 0.0796875 0.0796875
8 0.72265625 0.465625 0.10625 0.096875
0 0.53671875 0.60703125 0.103125 0.10625
0 0.20390625 0.5609375 0.10625 0.1109375
10 0.6015625 0.4109375 0.096875 0.0953125
12 0.44375 0.65546875 0.09375 0.1015625
4 0.37109375 0.75546875 0.090625 0.09375