6 0.27109375 0.28125 0.1234375 0.1171875
6 0.278125 0.434375 0.1234375 0.1203125
1 0.42734375 0.57890625 0.121875 0.121875
1 0.43671875 0.73125 0.11875 0.11875
2 0.428125 0.42578125 0.128125 0.1328125
2 0.4265625 0.275 0.134375 0.1296875
5 0.2734375 0.59140625 0.1328125 0.1234375
5 0.284375 0.7421875 0.1375 0.128125
13 0.590625 0.7328125 0.10625 0.121875
13 0.578125 0.584375 0.1234375 0.121875
10 0.7328125 0.27265625 0.121875 0.1203125
10 0.73671875 0.42734375 0.1234375 0.1328125
9 0.7296875 0.57734375 0.121875 0.121875
9 0.74296875 0.73359375 0.121875 0.128125
14 0.5796875 0.2828125 0.128125 0.1203125
14 0.58203125 0.4328125 0.13125 0.128125