7 0.4515625 0.0171875 0.084375 0.034375
7 0.165625 0.2171875 0.096875 0.096875
7 0.09453125 0.27421875 0.090625 0.0890625
7 0.0328125 0.328125 0.065625 0.0875
7 0.5765625 0.0234375 0.0875 0.046875
7 0.50546875 0.05625 0.0796875 0.0796875
7 0.43515625 0.11953125 0.0796875 0.0796875
7 0.36171875 0.16796875 0.078125 0.08125
7 0.21640625 0.28203125 0.0828125 0.0828125
7 0.1484375 0.3390625 0.0890625 0.090625
7 0.071875 0.39375 0.090625 0.090625
7 0.01875 0.44921875 0.0375 0.0765625
7 0.6265625 0.0703125 0.0796875 0.0796875
7 0.55625 0.1265625 0.0859375 0.0875
7 0.48515625 0.18046875 0.0859375 0.0859375
7 0.415625 0.23671875 0.08125 0.08125
7 0.2734375 0.35234375 0.0828125 0.084375
7 0.2 0.40390625 0.0671875 0.0671875
7 0.1265625 0.46875 0.0859375 0.0875
7 0.67578125 0.140625 0.084375 0.084375
7 0.6109375 0.1953125 0.0828125 0.08125
7 0.53828125 0.25 0.0890625 0.0890625
7 0.4671875 0.30546875 0.08125 0.0828125
7 0.3265625 0.41953125 0.0765625 0.078125
7 0.1828125 0.5296875 0.0859375 0.0859375
7 0.73125 0.2046875 0.078125 0.0796875
7 0.6609375 0.25546875 0.0734375 0.0734375
7 0.59140625 0.31484375 0.0734375 0.0734375
7 0.51796875 0.36875 0.0859375 0.084375
7 0.4453125 0.42578125 0.0734375 0.0734375
7 0.3703125 0.48046875 0.0796875 0.0796875
7 0.30078125 0.53359375 0.08125 0.08125
7 0.2265625 0.590625 0.0765625 0.0765625
7 0.16015625 0.64765625 0.071875 0.0734375
7 0.715625 0.3328125 0.071875 0.071875
7 0.64140625 0.38125 0.08125 0.08125
7 0.5703125 0.44375 0.0671875 0.06875
7 0.5015625 0.49609375 0.078125 0.0796875
7 0.2875 0.665625 0.0734375 0.0765625
7 0.21640625 0.72265625 0.075 0.0765625
7 0.83515625 0.3421875 0.090625 0.090625
7 0.76640625 0.3953125 0.0734375 0.075
7 0.69375 0.45 0.0734375 0.0765625
7 0.6265625 0.50625 0.0734375 0.075
7 0.48046875 0.61953125 0.0828125 0.0859375
7 0.4078125 0.6765625 0.0875 0.0875
7 0.3375 0.73203125 0.078125 0.0796875
7 0.89140625 0.40703125 0.0765625 0.08125
7 0.82109375 0.459375 0.0890625 0.0890625
7 0.7484375 0.5140625 0.084375 0.0859375
7 0.6765625 0.57109375 0.0859375 0.0875
7 0.6078125 0.62890625 0.0734375 0.071875
7 0.53203125 0.684375 0.075 0.0765625
7 0.46328125 0.73984375 0.0703125 0.071875
7 0.3890625 0.79765625 0.0828125 0.0859375
7 0.3171875 0.85234375 0.0671875 0.0703125
7 0.9421875 0.4734375 0.06875 0.06875
7 0.87265625 0.52421875 0.0734375 0.0765625
7 0.80390625 0.58046875 0.0734375 0.0765625
7 0.7328125 0.6359375 0.0796875 0.0796875
7 0.58515625 0.74765625 0.084375 0.084375
7 0.51640625 0.80859375 0.0796875 0.0796875
7 0.446875 0.86640625 0.0796875 0.0796875
7 0.37109375 0.92421875 0.065625 0.06875
7 0.98125 0.5390625 0.0375 0.059375
7 0.92421875 0.59296875 0.06875 0.0671875
7 0.8515625 0.65078125 0.0703125 0.0703125
7 0.78359375 0.70078125 0.0765625 0.0765625
7 0.4234375 0.97421875 0.071875 0.0515625
12 0.70859375 0.75546875 0.0890625 0.0890625
8 0.6546875 0.6921875 0.0921875 0.09375
8 0.6359375 0.809375 0.0890625 0.0890625
11 0.56171875 0.8796875 0.0921875 0.0921875
13 0.11015625 0.58203125 0.096875 0.096875
10 0.43828125 0.5421875 0.0921875 0.0921875
9 0.3953125 0.3609375 0.09375 0.09375
14 0.78828125 0.26171875 0.0859375 0.0875
14 0.56796875 0.56640625 0.0953125 0.0953125
14 0.35546875 0.609375 0.0953125 0.096875
4 0.23515625 0.1609375 0.090625 0.090625
0 0.28359375 0.22109375 0.0875 0.0875
0 0.30234375 0.10234375 0.096875 0.096875
3 0.34375 0.278125 0.0875 0.0875
3 0.3734375 0.04453125 0.090625 0.0890625
5 0.05546875 0.5125 0.090625 0.0921875
2 0.2640625 0.7875 0.09375 0.09375
1 0.4890625 0.94140625 0.0875 0.0875
6 0.24921875 0.46953125 0.090625 0.090625