7 0.20546875 0.02890625 0.0734375 0.0578125
7 0.2953125 0.03359375 0.06875 0.0671875
7 0.6546875 0.090625 0.078125 0.0796875
7 0.7453125 0.10625 0.0765625 0.0703125
7 0.834375 0.11796875 0.0671875 0.0734375
7 0.925 0.13046875 0.065625 0.0796875
7 0.19140625 0.103125 0.0703125 0.0734375
7 0.28046875 0.11484375 0.0640625 0.0671875
7 0.371875 0.1359375 0.0640625 0.0671875
7 0.46015625 0.1421875 0.059375 0.071875
7 0.6421875 0.171875 0.065625 0.0671875
7 0.7296875 0.1890625 0.071875 0.075
7 0.82265625 0.2 0.0734375 0.0734375
7 0.91328125 0.2140625 0.0578125 0.065625
7 0.18125 0.18515625 0.0640625 0.065625
7 0.26953125 0.20078125 0.06875 0.071875
7 0.3578125 0.21328125 0.0703125 0.0703125
7 0.44609375 0.22890625 0.0640625 0.06875
7 0.6265625 0.26171875 0.0671875 0.06875
7 0.715625 0.27109375 0.053125 0.0546875
7 0.81171875 0.29140625 0.0671875 0.0734375
7 0.171875 0.27109375 0.06875 0.06875
7 0.25546875 0.2875 0.06875 0.065625
7 0.34609375 0.3 0.0703125 0.075
7 0.434375 0.3140625 0.0640625 0.0703125
7 0.6125 0.3453125 0.0609375 0.0671875
7 0.79140625 0.371875 0.06875 0.0703125
7 0.1546875 0.35390625 0.0609375 0.06875
7 0.240625 0.3640625 0.0578125 0.0625
7 0.33046875 0.38203125 0.05625 0.0625
7 0.4203125 0.39375 0.071875 0.0671875
7 0.51171875 0.40859375 0.0578125 0.0625
7 0.60390625 0.41953125 0.0671875 0.0640625
7 0.690625 0.4328125 0.0671875 0.065625
7 0.7828125 0.446875 0.059375 0.065625
7 0.86875 0.4640625 0.0546875 0.0625
7 0.23046875 0.4578125 0.059375 0.0578125
7 0.31875 0.46484375 0.0671875 0.065625
7 0.41171875 0.48515625 0.05 0.0609375
7 0.496875 0.496875 0.0625 0.065625
7 0.76640625 0.54140625 0.0546875 0.0671875
7 0.85546875 0.55703125 0.0578125 0.065625
7 0.1296875 0.52421875 0.0734375 0.075
7 0.21640625 0.5375 0.05625 0.0640625
7 0.30625 0.55 0.053125 0.06875
7 0.3921875 0.56640625 0.05625 0.0640625
7 0.575 0.5953125 0.0640625 0.0734375
7 0.66640625 0.609375 0.06875 0.0734375
7 0.7546875 0.62421875 0.0609375 0.06875
7 0.1125 0.6078125 0.0546875 0.0734375
7 0.19921875 0.6203125 0.071875 0.0734375
7 0.28984375 0.6328125 0.0640625 0.075
7 0.3796875 0.64765625 0.0703125 0.071875
7 0.46796875 0.66484375 0.0609375 0.05625
7 0.56171875 0.6765625 0.059375 0.0640625
7 0.6484375 0.6921875 0.053125 0.0625
7 0.740625 0.70703125 0.0640625 0.0734375
7 0.83046875 0.71953125 0.05 0.0625
7 0.1 0.69140625 0.0546875 0.0578125
7 0.1859375 0.7015625 0.053125 0.06875
7 0.2734375 0.71796875 0.0546875 0.0671875
7 0.36171875 0.73203125 0.0640625 0.065625
7 0.5453125 0.7578125 0.06875 0.06875
7 0.6359375 0.778125 0.0640625 0.0671875
7 0.7234375 0.79453125 0.065625 0.0640625
7 0.81796875 0.80859375 0.046875 0.0609375
7 0.08828125 0.77421875 0.0484375 0.0484375
7 0.1734375 0.78671875 0.05625 0.0546875
7 0.265625 0.80234375 0.0578125 0.05625
7 0.34921875 0.81328125 0.059375 0.065625
7 0.80234375 0.8875 0.059375 0.059375
12 0.44140625 0.82421875 0.0703125 0.075
8 0.4578125 0.74296875 0.0734375 0.078125
8 0.53125 0.83671875 0.071875 0.0734375
11 0.63046875 0.8625 0.0734375 0.0765625
13 0.88046875 0.3828125 0.078125 0.078125
10 0.575 0.50703125 0.071875 0.078125
9 0.52421875 0.32734375 0.075 0.0765625
14 0.1328125 0.43125 0.0671875 0.0734375
14 0.47265625 0.59140625 0.0765625 0.078125
14 0.6796875 0.525 0.0734375 0.084375
4 0.5671875 0.075 0.075 0.0734375
0 0.55390625 0.15078125 0.0734375 0.06875
0 0.48046875 0.05625 0.078125 0.0796875
3 0.52890625 0.23046875 0.06875 0.0734375
3 0.38828125 0.0390625 0.0703125 0.078125
5 0.89453125 0.2953125 0.071875 0.0765625
2 0.8453125 0.63671875 0.075 0.0765625
1 0.7234375 0.88046875 0.0734375 0.0703125
6 0.7046875 0.35234375 0.0734375 0.075