12 0.4234375 0.8078125 0.071875 0.0734375
8 0.59765625 0.628125 0.078125 0.078125
8 0.9265625 0.67265625 0.0859375 0.084375
11 0.23828125 0.53203125 0.0828125 0.08125
11 0.4890625 0.08203125 0.0859375 0.084375
13 0.3625 0.6078125 0.0828125 0.0828125
13 0.56796875 0.7109375 0.078125 0.078125
10 0.50625 0.92578125 0.0796875 0.08125
10 0.67578125 0.684375 0.08125 0.0828125
9 0.56015625 0.28203125 0.078125 0.078125
9 0.8234375 0.5203125 0.08125 0.0828125
14 0.59609375 0.5125 0.075 0.078125
14 0.25390625 0.64921875 0.0765625 0.0796875
14 0.365625 0.40859375 0.0828125 0.0828125
14 0.5984375 0.3875 0.0796875 0.0796875
14 0.7578125 0.5953125 0.078125 0.078125
4 0.5171875 0.36015625 0.075 0.078125
0 0.46875 0.59453125 0.084375 0.0828125
0 0.37109375 0.6890625 0.08125 0.08125
3 0.74921875 0.3515625 0.0828125 0.0828125
3 0.14609375 0.42890625 0.0828125 0.08125
5 0.646875 0.29765625 0.0859375 0.084375
5 0.459375 0.2328125 0.078125 0.0796875
2 0.6046875 0.175 0.08125 0.08125
2 0.66953125 0.5421875 0.0765625 0.0796875
1 0.13359375 0.5640625 0.078125 0.078125
1 0.61484375 0.82734375 0.0859375 0.084375
6 0.1953125 0.36484375 0.0828125 0.0828125
6 0.4 0.490625 0.08125 0.0796875
6 0.7296875 0.41796875 0.084375 0.0828125
6 0.31328125 0.78828125 0.0765625 0.0765625
6 0.82109375 0.70703125 0.0828125 0.0828125