12 0.63046875 0.55546875 0.1015625 0.1015625
8 0.3984375 0.759375 0.1015625 0.1015625
8 0.234375 0.64921875 0.109375 0.1078125
11 0.48203125 0.7515625 0.0984375 0.0984375
11 0.36875 0.27578125 0.1078125 0.10625
13 0.359375 0.528125 0.1015625 0.1015625
13 0.40078125 0.596875 0.10625 0.10625
10 0.5328125 0.48125 0.1046875 0.1046875
10 0.4203125 0.4796875 0.10625 0.10625
9 0.228125 0.4328125 0.1078125 0.1078125
9 0.35625 0.42421875 0.10625 0.10625
14 0.7546875 0.4390625 0.1 0.1
14 0.475 0.421875 0.109375 0.109375
14 0.3484375 0.67890625 0.1078125 0.1078125
14 0.2234375 0.52421875 0.10625 0.10625
14 0.31796875 0.35078125 0.1078125 0.1078125
4 0.6328125 0.409375 0.103125 0.1046875
0 0.553125 0.57421875 0.0984375 0.0984375
0 0.29609375 0.47734375 0.1046875 0.1046875
3 0.50234375 0.24921875 0.1171875 0.1171875
3 0.48359375 0.62109375 0.1015625 0.1015625
5 0.40234375 0.3578125 0.10625 0.10625
5 0.31875 0.7546875 0.1109375 0.109375
2 0.66015625 0.66796875 0.10625 0.10625
2 0.46328125 0.5453125 0.10625 0.10625
1 0.5703125 0.75078125 0.1078125 0.109375
1 0.3 0.58671875 0.109375 0.109375
6 0.546875 0.37734375 0.10625 0.10625
6 0.659375 0.48203125 0.1078125 0.1078125
6 0.73515625 0.5234375 0.1171875 0.1171875
6 0.54453125 0.675 0.1109375 0.1125
6 0.4359375 0.68671875 0.109375 0.109375