0 0.6796875 0.12421875 0.090625 0.090625
9 0.51640625 0.20859375 0.090625 0.090625
9 0.4984375 0.5078125 0.090625 0.090625
1 0.371875 0.52890625 0.090625 0.090625
1 0.2359375 0.71875 0.090625 0.090625
13 0.2296875 0.83046875 0.090625 0.090625
13 0.365625 0.4015625 0.090625 0.090625
5 0.62265625 0.84921875 0.090625 0.090625
5 0.64375 0.69453125 0.090625 0.090625
2 0.76171875 0.640625 0.090625 0.090625
2 0.2171875 0.18125 0.090625 0.090625
8 0.3203125 0.284375 0.090625 0.090625
8 0.4921875 0.4203125 0.090625 0.090625
10 0.74296875 0.2625 0.090625 0.090625
10 0.69453125 0.33828125 0.090625 0.090625
14 0.62265625 0.23828125 0.090625 0.090625
14 0.25703125 0.37734375 0.090625 0.090625
14 0.453125 0.3203125 0.090625 0.090625
14 0.4953125 0.8640625 0.090625 0.090625
14 0.715625 0.80703125 0.090625 0.090625
6 0.53203125 0.7828125 0.090625 0.090625
6 0.5921875 0.465625 0.090625 0.090625
6 0.75234375 0.45625 0.090625 0.090625
6 0.24453125 0.5109375 0.090625 0.090625
6 0.55 0.3171875 0.090625 0.090625
3 0.30234375 0.61953125 0.090625 0.090625
3 0.6703125 0.540625 0.090625 0.090625
11 0.5890625 0.60390625 0.090625 0.090625
11 0.33515625 0.8671875 0.090625 0.090625
12 0.38984375 0.75546875 0.090625 0.090625
4 0.36640625 0.1375 0.065625 0.06953125
0 0.44609375 0.62890625 0.0734375 0.06875