4 0.19921875 0.4171875 0.090625 0.090625
14 0.1359375 0.3140625 0.090625 0.090625
14 0.30546875 0.33828125 0.090625 0.090625
14 0.43515625 0.38984375 0.090625 0.090625
14 0.4984375 0.28671875 0.090625 0.090625
14 0.71875 0.453125 0.090625 0.090625
6 0.80703125 0.3140625 0.090625 0.090625
6 0.35625 0.80078125 0.090625 0.090625
6 0.30234375 0.88515625 0.090625 0.090625
6 0.74609375 0.66796875 0.090625 0.090625
6 0.6890625 0.084375 0.090625 0.090625
0 0.56171875 0.1328125 0.090625 0.090625
0 0.38984375 0.634375 0.090625 0.090625
8 0.5921875 0.37734375 0.090625 0.090625
8 0.6015625 0.2296875 0.090625 0.090625
3 0.6890625 0.28984375 0.090625 0.090625
3 0.728125 0.80390625 0.090625 0.090625
1 0.55625 0.5828125 0.090625 0.090625
1 0.42890625 0.14765625 0.090625 0.090625
2 0.25390625 0.2359375 0.090625 0.090625
2 0.30234375 0.51328125 0.090625 0.090625
11 0.21484375 0.5859375 0.090625 0.090625
11 0.43515625 0.51953125 0.090625 0.090625
5 0.25390625 0.0875 0.090625 0.090625
5 0.61328125 0.4953125 0.090625 0.090625
9 0.25390625 0.70078125 0.090625 0.090625
9 0.184375 0.7796875 0.090625 0.090625
13 0.5796875 0.70078125 0.090625 0.090625
13 0.553125 0.8546875 0.090625 0.090625
10 0.4625 0.74609375 0.090625 0.090625
10 0.459375 0.94296875 0.090625 0.090625
12 0.7109375 0.56328125 0.06640625 0.06640625