7 0.096875 0.271875 0.08125 0.08125
7 0.1703125 0.21640625 0.08125 0.08125
7 0.46328125 0.01953125 0.0859375 0.0390625
7 0.01875 0.44609375 0.0375 0.0890625
7 0.071875 0.38984375 0.0890625 0.0890625
7 0.14453125 0.3359375 0.0765625 0.078125
7 0.21484375 0.2875 0.0828125 0.0828125
7 0.36640625 0.17734375 0.0875 0.0859375
7 0.44140625 0.1203125 0.0875 0.0859375
7 0.5109375 0.06171875 0.0859375 0.0859375
7 0.58359375 0.0265625 0.0890625 0.053125
7 0.0484375 0.515625 0.078125 0.0796875
7 0.19921875 0.409375 0.090625 0.0890625
7 0.271875 0.35390625 0.0765625 0.0765625
7 0.41875 0.24609375 0.071875 0.071875
7 0.49375 0.190625 0.0734375 0.075
7 0.5703125 0.13203125 0.0875 0.0859375
7 0.1796875 0.53046875 0.0625 0.0625
7 0.32578125 0.421875 0.0765625 0.075
7 0.4703125 0.3140625 0.078125 0.0765625
7 0.6171875 0.20234375 0.078125 0.078125
7 0.68828125 0.14765625 0.0859375 0.084375
7 0.1515625 0.6546875 0.078125 0.0796875
7 0.2234375 0.60078125 0.06875 0.06875
7 0.303125 0.5453125 0.0734375 0.071875
7 0.36953125 0.49375 0.0703125 0.0703125
7 0.5171875 0.37890625 0.0703125 0.0703125
7 0.59140625 0.3265625 0.0796875 0.0796875
7 0.20703125 0.72578125 0.0734375 0.075
7 0.35625 0.61328125 0.084375 0.084375
7 0.50078125 0.50703125 0.075 0.078125
7 0.57734375 0.45078125 0.0828125 0.08125
7 0.7203125 0.34609375 0.0734375 0.0734375
7 0.790625 0.290625 0.0625 0.0640625
7 0.33515625 0.7375 0.0734375 0.071875
7 0.40546875 0.68203125 0.0796875 0.0828125
7 0.475 0.62890625 0.084375 0.084375
7 0.62421875 0.52109375 0.0875 0.0875
7 0.696875 0.46484375 0.0734375 0.075
7 0.76875 0.41171875 0.0828125 0.0828125
7 0.3109375 0.86171875 0.075 0.078125
7 0.378125 0.81015625 0.08125 0.0796875
7 0.45859375 0.75390625 0.078125 0.08125
7 0.67734375 0.58984375 0.09375 0.09375
7 0.7546875 0.53515625 0.0828125 0.08125
7 0.82421875 0.4796875 0.0796875 0.0828125
7 0.8953125 0.42890625 0.0796875 0.0796875
7 0.359375 0.93359375 0.0734375 0.075
7 0.43203125 0.88203125 0.0734375 0.075
7 0.50546875 0.8203125 0.0734375 0.075
7 0.58046875 0.76875 0.0640625 0.0640625
7 0.72265625 0.65703125 0.0796875 0.0796875
7 0.8046875 0.60703125 0.078125 0.0796875
7 0.875 0.55078125 0.06875 0.06875
7 0.4125 0.98125 0.071875 0.0375
7 0.48046875 0.94375 0.0515625 0.053125
7 0.98203125 0.55859375 0.0359375 0.0671875
12 0.7 0.76640625 0.0859375 0.0859375
8 0.77734375 0.71640625 0.084375 0.0859375
8 0.65 0.70859375 0.084375 0.0859375
11 0.84375 0.66640625 0.084375 0.0875
11 0.60390625 0.63984375 0.0859375 0.0875
13 0.95234375 0.4953125 0.0859375 0.0859375
13 0.4265625 0.5609375 0.078125 0.0796875
10 0.55703125 0.8953125 0.090625 0.090625
10 0.92734375 0.6203125 0.090625 0.090625
9 0.53203125 0.6953125 0.0921875 0.09375
9 0.628125 0.83515625 0.084375 0.084375
14 0.2609375 0.790625 0.1 0.1
14 0.540625 0.58359375 0.090625 0.0921875
14 0.64765625 0.39453125 0.0890625 0.090625
14 0.85 0.35859375 0.096875 0.0984375
4 0.24609375 0.17109375 0.0859375 0.0875
0 0.3171875 0.1109375 0.0953125 0.096875
0 0.28671875 0.23203125 0.09375 0.09375
3 0.34296875 0.29375 0.0921875 0.09375
3 0.39453125 0.0640625 0.0984375 0.0984375
5 0.115625 0.4703125 0.09375 0.0953125
5 0.6453125 0.07890625 0.0953125 0.0953125
2 0.03359375 0.32421875 0.0671875 0.0984375
2 0.28359375 0.6671875 0.090625 0.090625
1 0.66953125 0.27421875 0.0984375 0.0984375
1 0.453125 0.44296875 0.096875 0.096875
6 0.1140625 0.56953125 0.10625 0.1046875
6 0.2453125 0.475 0.09375 0.09375
6 0.39765625 0.35859375 0.0921875 0.09375
6 0.54765625 0.2546875 0.0953125 0.0953125
6 0.746875 0.2125 0.0921875 0.0921875