14 0.4984375 0.09609375 0.1015625 0.1046875
14 0.278125 0.39921875 0.084375 0.0859375
14 0.34609375 0.4796875 0.10625 0.1015625
14 0.76640625 0.1859375 0.0953125 0.1078125
6 0.48984375 0.4390625 0.0859375 0.0859375
6 0.40546875 0.3203125 0.0984375 0.096875
6 0.55234375 0.33203125 0.115625 0.1140625
6 0.5 0.7140625 0.0984375 0.096875
6 0.38125 0.73671875 0.1 0.0953125
14 0.37421875 0.62265625 0.0921875 0.0921875
4 0.18203125 0.55078125 0.0796875 0.084375
5 0.2234375 0.68046875 0.103125 0.1046875
5 0.14296875 0.78671875 0.1265625 0.115625
2 0.278125 0.8390625 0.1 0.1046875
2 0.66875 0.321875 0.096875 0.1015625
8 0.6125 0.2203125 0.1109375 0.11875
8 0.61875 0.73203125 0.115625 0.1265625
0 0.62734375 0.57734375 0.0890625 0.0984375
0 0.76328125 0.3375 0.084375 0.0859375
13 0.7265625 0.4671875 0.1109375 0.109375
13 0.58828125 0.465625 0.09375 0.0953125
9 0.5015625 0.57265625 0.0796875 0.084375
9 0.45859375 0.8484375 0.109375 0.1203125
1 0.478125 0.23671875 0.1078125 0.1078125
1 0.6859375 0.846875 0.1046875 0.10625
3 0.54375 0.9484375 0.10625 0.103125
3 0.371875 0.13515625 0.1078125 0.1078125
10 0.29921875 0.24453125 0.1046875 0.1125
10 0.84609375 0.540625 0.128125 0.121875
11 0.74609375 0.60859375 0.0984375 0.096875
11 0.85078125 0.29609375 0.1015625 0.10625
12 0.6421875 0.10546875 0.1046875 0.103125