12 0.246875 0.4640625 0.0625 0.0640625
8 0.515625 0.72890625 0.0640625 0.0625
8 0.65859375 0.3328125 0.065625 0.0625
11 0.67734375 0.44140625 0.06875 0.065625
11 0.70703125 0.59609375 0.071875 0.0703125
13 0.20546875 0.19609375 0.06875 0.0671875
13 0.54609375 0.36328125 0.0640625 0.06875
10 0.46640625 0.87734375 0.0640625 0.065625
10 0.153125 0.4125 0.071875 0.071875
9 0.38671875 0.68046875 0.071875 0.0703125
9 0.8 0.53671875 0.0734375 0.06875
14 0.34609375 0.93125 0.0609375 0.0609375
14 0.32421875 0.77578125 0.0640625 0.065625
14 0.4796875 0.46328125 0.0625 0.0640625
14 0.29609375 0.60703125 0.0640625 0.0625
14 0.43671875 0.17734375 0.0671875 0.0703125
4 0.56171875 0.196875 0.0671875 0.06875
0 0.68515625 0.2390625 0.075 0.075
0 0.83828125 0.7140625 0.071875 0.075
3 0.6234375 0.684375 0.065625 0.0703125
3 0.76015625 0.39921875 0.0671875 0.071875
5 0.60625 0.82109375 0.0671875 0.0703125
5 0.7515625 0.784375 0.078125 0.075
2 0.221875 0.3125 0.0703125 0.0671875
2 0.3359375 0.26796875 0.065625 0.065625
1 0.40546875 0.10390625 0.065625 0.06875
1 0.4671875 0.05390625 0.06875 0.065625
6 0.34375 0.15859375 0.06875 0.0734375
6 0.39375 0.315625 0.0640625 0.065625
6 0.359375 0.46796875 0.0671875 0.0703125
6 0.4453125 0.5890625 0.0671875 0.06875
6 0.57734375 0.55234375 0.0734375 0.071875