12 0.66328125 0.0921875 0.0609375 0.065625
8 0.2796875 0.46484375 0.065625 0.0703125
8 0.48359375 0.83671875 0.065625 0.0671875
11 0.825 0.63515625 0.0671875 0.06875
11 0.63828125 0.88515625 0.0703125 0.0671875
13 0.865625 0.83359375 0.071875 0.06875
13 0.38828125 0.4265625 0.065625 0.06875
10 0.6875 0.43515625 0.065625 0.065625
10 0.43203125 0.3453125 0.0671875 0.0671875
9 0.775 0.528125 0.065625 0.0609375
9 0.63359375 0.36640625 0.0671875 0.0640625
14 0.378125 0.23359375 0.0671875 0.0734375
14 0.80078125 0.403125 0.0671875 0.0640625
14 0.41171875 0.7171875 0.0671875 0.0640625
14 0.34765625 0.9015625 0.0640625 0.0671875
14 0.63046875 0.53984375 0.0578125 0.059375
4 0.5296875 0.596875 0.0578125 0.0578125
0 0.28984375 0.67109375 0.0609375 0.0640625
0 0.7 0.25703125 0.0640625 0.0640625
3 0.42265625 0.07578125 0.0640625 0.065625
3 0.26171875 0.33515625 0.0609375 0.0640625
5 0.44921875 0.52421875 0.065625 0.065625
5 0.4765625 0.240625 0.05625 0.0625
2 0.55703125 0.165625 0.0609375 0.0625
2 0.56171875 0.44609375 0.0671875 0.0609375
1 0.31875 0.5609375 0.0546875 0.0578125
1 0.74375 0.7984375 0.065625 0.0640625
6 0.2328125 0.18125 0.065625 0.0671875
6 0.57890625 0.29375 0.0625 0.0609375
6 0.7125 0.6328125 0.0609375 0.0640625
6 0.5765625 0.7203125 0.065625 0.065625
6 0.4703125 0.96015625 0.05625 0.059375