12 0.68828125 0.4375 0.075 0.075
8 0.26796875 0.69375 0.0765625 0.0765625
8 0.30859375 0.48515625 0.08125 0.08125
11 0.6203125 0.51875 0.078125 0.078125
11 0.7859375 0.55078125 0.0859375 0.084375
13 0.26953125 0.79453125 0.08125 0.0828125
13 0.32578125 0.33125 0.0796875 0.0796875
10 0.609375 0.75234375 0.0875 0.0875
10 0.53984375 0.54609375 0.0828125 0.084375
9 0.8375 0.459375 0.0875 0.0859375
9 0.52578125 0.40078125 0.0828125 0.0828125
14 0.59921875 0.275 0.08125 0.0828125
14 0.47890625 0.11640625 0.0828125 0.0828125
14 0.43671875 0.5890625 0.0796875 0.0796875
14 0.22734375 0.4328125 0.08125 0.084375
14 0.1921875 0.5328125 0.08125 0.08125
4 0.3828125 0.3890625 0.0796875 0.0796875
0 0.62421875 0.38359375 0.08125 0.08125
0 0.66875 0.5890625 0.0859375 0.084375
3 0.56796875 0.9234375 0.0859375 0.0875
3 0.475 0.69296875 0.084375 0.0859375
5 0.5203125 0.79921875 0.084375 0.084375
5 0.44765625 0.4828125 0.0828125 0.084375
2 0.6984375 0.70625 0.0875 0.084375
2 0.56328125 0.6421875 0.084375 0.0828125
1 0.30390625 0.60390625 0.08125 0.08125
1 0.0984375 0.57265625 0.0859375 0.0859375
6 0.82265625 0.3578125 0.0828125 0.08125
6 0.6875 0.3234375 0.08125 0.08125
6 0.41484375 0.853125 0.0875 0.0875
6 0.371875 0.7171875 0.084375 0.0859375
6 0.15078125 0.68046875 0.0859375 0.0859375